Names	total	elements
GSE40349 GSE46806 GSE55942	42	4863
		100033416
		5696
		2824
		100033433
		23363
		3653
		57082
		2202
		55619
		282997
		23228
		201895
		10217
		101930404
		3481
		771
		2123
		6638
		347746
		100033444
		54898
		728392
		50810
		100033802
		5144
		3669
		1730
		653
		5334
		723961
		10123
		53918
		100033820
		8829
		1116
		7855
		100033450
		91380
		6785
		4148
		10499
GSE40349 GSE46806	203	5810
		8850
		9126
		5873
		730101
		8321
		2710
		55900
		8848
		222161
		1486
		26031
		114327
		8661
		8847
		23432
		8642
		100129482
		4664
		54799
		5934
		10681
		23093
		3832
		5270
		22998
		9352
		55719
		23047
		7019
		4329
		1854
		835
		54982
		23682
		79968
		2273
		2115
		80205
		80757
		1809
		23421
		5423
		4288
		10426
		7181
		94239
		23015
		55667
		23469
		3652
		92482
		9656
		10006
		5723
		406948
		3706
		6594
		152006
		9747
		8726
		3696
		55215
		55816
		10198
		80204
		286527
		5290
		10724
		4781
		9306
		3710
		9962
		8706
		5985
		10157
		805
		64167
		5094
		6595
		9768
		348110
		6672
		26037
		9702
		7738
		2012
		219333
		8612
		6372
		11082
		55680
		54148
		58487
		4155
		24149
		374
		6683
		4891
		51427
		23389
		26227
		11118
		653188
		54806
		11042
		3092
		6616
		10402
		9077
		22841
		116496
		101927137
		604
		7857
		5569
		23036
		55326
		79663
		9056
		81545
		5558
		10234
		79582
		79469
		3298
		7220
		3556
		808
		10791
		221037
		10580
		9258
		597
		54520
		5744
		65987
		57001
		11013
		6526
		4670
		6474
		7840
		26118
		7130
		79685
		10622
		1806
		63920
		55274
		23531
		831
		100505494
		80025
		596
		11039
		8760
		9743
		6674
		101928274
		54918
		23589
		25758
		55222
		23446
		57711
		79366
		55103
		801
		3070
		79659
		9331
		80006
		7035
		1978
		2026
		28951
		63933
		4338
		220
		79733
		5601
		5357
		23304
		200316
		5189
		26040
		117178
		347902
		5151
		4053
		55769
		1326
		1452
		2713
		55691
		100532726
		2585
		7776
		10276
		474170
		100294033
		54621
GSE40349 GSE55942	165	55089
		100127886
		1617
		6490
		8364
		26108
		29781
		25840
		23066
		22837
		6711
		3430
		4883
		100271927
		7222
		6863
		121504
		4065
		8120
		1910
		50508
		25780
		8363
		1437
		56311
		23111
		11178
		55335
		8359
		3672
		18
		101930322
		79640
		3776
		2572
		8743
		11213
		84159
		8370
		8362
		7225
		6383
		729966
		54843
		6317
		8828
		27065
		6561
		9365
		6999
		731
		1551
		10439
		85352
		6002
		8361
		22918
		8418
		715
		10278
		1618
		4317
		4193
		5143
		3688
		489
		9699
		3434
		29068
		8714
		100861540
		554313
		5552
		23598
		57135
		9282
		834
		5251
		4811
		8968
		9753
		961
		9635
		2321
		1579
		9729
		6347
		8522
		51752
		196740
		23530
		57054
		8368
		79870
		8294
		5764
		6354
		64581
		55243
		5950
		22890
		1821
		9378
		80830
		9936
		10156
		1004
		22873
		7805
		10468
		51741
		6355
		8367
		2618
		8556
		26053
		1031
		5918
		4321
		9890
		1576
		3908
		9037
		2192
		4023
		8366
		9079
		727
		255403
		2619
		64135
		1634
		3490
		2562
		26032
		25890
		101929336
		8436
		5649
		55183
		3357
		95681
		4897
		800
		10561
		81606
		80020
		718
		1295
		79899
		8840
		51313
		3371
		100526664
		8365
		368
		26033
		441204
		57055
		6318
		26471
		1281
		5396
		6414
		8360
GSE46806 GSE55942	161	57104
		4340
		11280
		10611
		4209
		26013
		3552
		79874
		20
		55508
		9955
		57144
		10844
		6874
		4287
		23312
		19
		3487
		8202
		5607
		51471
		5463
		644
		10326
		101060181
		23452
		6939
		6009
		3423
		3553
		83700
		51750
		2531
		8707
		2122
		100996724
		100996761
		55636
		56112
		84525
		23208
		114884
		6453
		7456
		51710
		861
		2290
		6303
		646
		5654
		50618
		23641
		1397
		8549
		84168
		56100
		10299
		1756
		7078
		8935
		57212
		6492
		653808
		1896
		6781
		23302
		4982
		5371
		1746
		6925
		3679
		1200
		7849
		100533107
		57172
		6422
		3778
		8504
		3910
		10634
		339166
		51309
		64344
		10211
		7084
		157922
		7879
		57787
		84679
		23328
		375449
		101929792
		5829
		317
		1291
		101928269
		54566
		290
		81553
		23264
		11116
		5252
		101930416
		2825
		60528
		4071
		23331
		55799
		7881
		960
		1013
		6645
		84656
		7421
		4968
		9358
		23239
		1956
		114548
		57154
		28986
		889
		9447
		23348
		81875
		4211
		5806
		9659
		27122
		28971
		56105
		22898
		8718
		9086
		50649
		23275
		2869
		894
		59348
		23338
		116372
		667
		7980
		3077
		347733
		400451
		25959
		100506403
		8924
		10630
		10474
		10726
		868
		5999
		27445
		8926
		23150
		79144
		64123
		5098
		3567
GSE40349	1591	4628
		2634
		4361
		101929335
		83548
		11169
		101927988
		286002
		4087
		25936
		79805
		26070
		5174
		641977
		7398
		26002
		8344
		9617
		85315
		401068
		84945
		159090
		254394
		8577
		6421
		200844
		5433
		387097
		260425
		10052
		3627
		7514
		100272217
		64844
		80218
		113802
		55906
		51661
		79611
		51000
		84085
		93556
		84920
		54468
		643827
		144203
		55193
		142940
		55300
		8462
		9223
		10787
		2583
		10923
		80777
		100506922
		84166
		101929373
		100506797
		89891
		9117
		23514
		148534
		84057
		23507
		54457
		28981
		100289361
		729013
		494513
		4343
		157574
		10659
		55388
		659
		132332
		55784
		2774
		6815
		79447
		340481
		64388
		101927279
		64321
		399761
		6502
		1294
		64403
		80345
		781
		102465453
		57118
		22846
		406938
		200728
		493856
		988
		132671
		158158
		146909
		554282
		220108
		11168
		151827
		7272
		90956
		3738
		22936
		157506
		11069
		205717
		285736
		101929019
		28231
		130271
		127255
		9063
		6660
		29949
		9881
		64858
		161835
		5737
		53354
		7402
		27115
		286144
		138162
		11198
		7552
		57412
		256691
		8899
		57531
		55635
		4176
		729852
		55186
		6506
		3658
		84146
		5150
		23376
		116064
		149175
		83872
		5369
		9765
		619568
		1789
		3192
		101926888
		83879
		55723
		6374
		3141
		10855
		94240
		3775
		360023
		728591
		23350
		7412
		84978
		55893
		11149
		401612
		134957
		79832
		2569
		2571
		100506076
		101926943
		9657
		100628315
		8654
		51569
		441150
		375444
		91543
		30811
		54165
		493861
		7732
		57214
		1301
		4998
		9928
		92
		100509445
		63915
		51691
		995
		79776
		2289
		730013
		150864
		57563
		24145
		100302143
		1998
		79895
		6667
		64399
		100526837
		8330
		4776
		92342
		7010
		9542
		6236
		580
		7049
		23285
		728577
		57489
		29843
		729970
		29063
		94032
		675
		153768
		10112
		10771
		1974
		10150
		57569
		10507
		93081
		83729
		716
		84455
		57061
		685
		317761
		256471
		27346
		116028
		83540
		3937
		90459
		23306
		143684
		5874
		11052
		114299
		196792
		90271
		3108
		129293
		406928
		197335
		167691
		64762
		9770
		6641
		5140
		55322
		23371
		57650
		23310
		25960
		201725
		79901
		57545
		7503
		8825
		7112
		6670
		56980
		79191
		2744
		100652772
		4735
		139818
		9810
		100287497
		1763
		4499
		1982
		51101
		3075
		100533105
		84002
		790
		1122
		5932
		55165
		11252
		1663
		494143
		79598
		151246
		57482
		64785
		22862
		283078
		64225
		57718
		54553
		8329
		133383
		171546
		10342
		27233
		285972
		81691
		160428
		55872
		26084
		9317
		497258
		6507
		9532
		273
		57396
		29128
		84542
		27125
		113452
		96610
		2935
		9462
		51192
		55256
		134429
		55556
		5984
		170393
		5698
		160518
		101928001
		641
		5019
		23678
		5593
		246175
		10194
		29092
		6470
		221303
		349152
		84101
		51128
		7027
		55972
		22807
		10745
		6241
		1909
		58480
		3576
		57496
		814
		375484
		55728
		100526832
		57709
		130026
		55832
		162962
		55432
		5928
		619567
		23230
		285527
		84189
		94101
		90102
		79739
		23118
		27131
		55466
		6272
		29015
		26271
		101930583
		55796
		645513
		730102
		2526
		53831
		150946
		100861412
		7802
		65250
		6428
		898
		79703
		493911
		57007
		9957
		2328
		100528017
		57544
		84289
		1000
		9818
		79893
		94122
		162494
		253260
		80071
		344752
		101927204
		25923
		5515
		5991
		64770
		4820
		162681
		728927
		5787
		440944
		79644
		874
		2752
		1499
		729614
		23178
		2023
		54913
		3757
		89797
		134218
		5069
		55107
		256714
		387104
		6309
		22874
		257194
		10063
		84210
		283208
		57683
		1288
		84140
		4166
		9615
		2013
		3998
		116238
		126731
		6373
		969
		129642
		79966
		27329
		64151
		93594
		51450
		440416
		2990
		23576
		124446
		283464
		101928850
		10772
		137075
		55601
		56670
		3087
		1577
		84250
		84708
		55008
		55504
		653121
		223082
		101928487
		1479
		133418
		9926
		7436
		55071
		24137
		92154
		81563
		130507
		9787
		7579
		2050
		152185
		701
		2139
		143282
		2491
		199870
		55082
		9252
		5478
		576
		79699
		55159
		26959
		23347
		2956
		11130
		55789
		10678
		29968
		166614
		9833
		23456
		284513
		376267
		22843
		10572
		11274
		57561
		140890
		51668
		51176
		64927
		101929240
		51496
		29091
		26272
		6432
		3643
		10631
		29980
		379025
		54874
		23780
		9737
		56605
		65055
		84520
		84733
		440993
		22929
		441425
		84108
		55509
		83695
		645431
		2542
		25845
		6289
		22824
		143888
		54462
		100874291
		7153
		2261
		79718
		728705
		10910
		55790
		38
		8492
		143872
		6429
		219736
		143689
		10592
		54842
		81706
		948
		6119
		642236
		51170
		7473
		6749
		399694
		2743
		25896
		9678
		170959
		9517
		56986
		5166
		10096
		151188
		1386
		7851
		653190
		374393
		23224
		51203
		9369
		54331
		26298
		348654
		10672
		203238
		100506392
		4154
		57157
		6330
		51512
		57560
		2591
		114034
		5426
		140735
		3148
		55757
		56990
		6382
		642846
		29094
		55749
		7306
		101928818
		90861
		9874
		7430
		672
		8575
		983
		100505881
		89894
		92421
		574029
		79612
		10062
		56952
		8914
		55897
		6920
		3437
		90632
		503693
		6991
		23098
		202781
		286205
		51091
		123606
		83987
		80759
		6542
		57018
		100506558
		28994
		400617
		6326
		1362
		63979
		394
		10627
		54431
		1519
		10773
		5570
		5207
		54510
		390940
		23062
		284217
		26235
		7037
		27085
		5106
		8332
		3161
		118980
		55279
		375033
		57097
		134285
		23353
		158219
		4194
		84314
		10001
		23413
		5360
		57674
		6546
		84263
		1306
		409
		1962
		79056
		622
		56944
		6653
		23554
		92104
		10640
		5000
		255631
		5194
		56829
		408186
		101927451
		29126
		84793
		688
		63901
		2737
		102466733
		150759
		5962
		84709
		5168
		23241
		51360
		55755
		8638
		3033
		102724229
		51444
		384
		7403
		285268
		11004
		169611
		100131541
		5738
		10036
		147015
		51290
		100127983
		91409
		148066
		150159
		343450
		7072
		1652
		28970
		26175
		64839
		1745
		100505609
		145741
		79022
		161436
		55870
		5732
		6288
		83852
		58155
		10038
		440270
		283050
		84515
		404201
		54875
		5966
		57695
		4038
		29901
		54956
		3717
		259266
		10714
		90673
		7175
		92610
		29028
		5122
		1719
		8790
		65986
		51175
		23566
		6043
		400765
		29089
		64376
		203522
		1363
		30834
		90557
		54796
		56992
		4171
		79694
		23255
		56849
		51715
		54930
		58494
		387338
		7345
		767811
		80856
		54558
		84935
		56154
		57494
		80221
		1396
		5930
		728833
		55132
		9918
		5610
		4001
		728715
		100507217
		2237
		5378
		102724162
		8318
		27295
		64946
		200894
		6457
		79621
		2146
		114792
		5742
		3485
		64921
		57801
		3676
		5295
		84547
		117177
		301
		8148
		4686
		1033
		374946
		10950
		4515
		10460
		990
		100506328
		8880
		81533
		1063
		4938
		55711
		5196
		145173
		57646
		3384
		54816
		23035
		2882
		56935
		129787
		85415
		54996
		122773
		2820
		10733
		117143
		4940
		330
		121441
		124222
		199953
		9156
		406962
		90488
		54962
		5774
		375
		11231
		130574
		2650
		159371
		2200
		22990
		9536
		25957
		3790
		64089
		5494
		6871
		84824
		283922
		55608
		170850
		222235
		3178
		6627
		2130
		4973
		6240
		80196
		4436
		285954
		4801
		8630
		644873
		1462
		51460
		140834
		100996481
		64924
		84278
		85235
		7373
		890
		389677
		126272
		7739
		25776
		148789
		22832
		253782
		492311
		51191
		1827
		11037
		11228
		54210
		644538
		391267
		30061
		54939
		283554
		55105
		157777
		84230
		4072
		23336
		440288
		64710
		101928539
		165055
		375248
		4239
		7292
		5125
		100616193
		147
		6788
		152225
		55765
		147495
		100506119
		80150
		29896
		8876
		7913
		57134
		54454
		401548
		10384
		157570
		2172
		5229
		196074
		79960
		348093
		53371
		5074
		7046
		2920
		23142
		55166
		222166
		2332
		10687
		51571
		115106
		646903
		1588
		32
		284611
		114769
		94121
		100507600
		101928916
		56256
		101927482
		55066
		7141
		4810
		134266
		285540
		57786
		4751
		6489
		102725051
		1759
		8208
		167227
		79027
		6456
		375743
		7756
		3589
		55013
		10625
		6941
		153396
		441027
		1138
		488
		51096
		84126
		2182
		55582
		81704
		22875
		341
		11277
		55148
		2189
		121227
		4085
		51768
		154141
		4172
		55521
		60401
		54625
		64395
		55320
		10351
		151636
		79723
		2841
		4214
		23101
		220134
		57493
		81930
		5427
		2668
		1129
		11124
		133522
		109
		8490
		10752
		84333
		9214
		64105
		54443
		100529251
		84777
		27109
		11270
		165918
		286148
		5563
		80055
		51053
		23461
		139886
		8871
		5058
		254528
		9455
		163404
		79075
		374618
		124045
		91526
		79627
		629
		9495
		7351
		5137
		25816
		84188
		6655
		9107
		23234
		221079
		54933
		2246
		7185
		51385
		84950
		2157
		79677
		152573
		699
		285600
		79019
		2908
		128710
		81831
		84668
		11065
		83452
		261729
		7369
		400954
		899
		57733
		54502
		159091
		4254
		55022
		285753
		57669
		202181
		2643
		22866
		440482
		154810
		83990
		282890
		2355
		83594
		401093
		100310756
		5983
		57551
		9854
		5868
		79682
		51199
		84451
		791114
		9839
		57758
		160897
		84984
		9055
		3184
		94031
		10695
		8573
		7058
		2977
		3569
		54465
		64766
		2177
		285628
		9465
		51209
		3835
		51616
		80263
		22823
		122953
		285440
		8833
		80763
		9383
		338069
		728747
		58517
		101927709
		8613
		57538
		6751
		9987
		151194
		57405
		11201
		4238
		25801
		64116
		55127
		1047
		4121
		401321
		5583
		56890
		8317
		5618
		121006
		57337
		29893
		4141
		9406
		528
		79937
		51110
		100505501
		1364
		55233
		122416
		27332
		151230
		120892
		5577
		56852
		221035
		7168
		440137
		55916
		63967
		1660
		55142
		57606
		157638
		101929777
		4602
		5473
		51390
		10181
		10254
		10480
		284232
		23468
		147339
		729533
		1741
		23089
		8545
		4599
		399474
		3796
		23516
		55250
		644246
		284702
		100507113
		64735
		130872
		10267
		147525
		1440
		116442
		92092
		100506834
		83666
		5359
		55086
		54969
		54360
		7133
		101929112
		129607
		7162
		155435
		29995
		6352
		55120
		4173
		221184
		1646
		285735
		84419
		101929657
		101929959
		51435
		91010
		10635
		57162
		55840
		80298
		195828
		203100
		29761
		123036
		25913
		58528
		254251
		55355
		9738
		114898
		84181
		54801
		123096
		101927933
		26092
		23635
		10056
		3486
		84681
		54941
		7431
		9631
		80122
		5743
		101928054
		5933
		5892
		658
		135228
		343099
		1373
		2239
		5591
		8526
		283484
		130132
		494115
		102723891
		143279
		100506649
		414328
		54332
		64396
		1841
		5982
		5557
		8295
		4134
		11107
		7298
		5994
		404281
		23213
		5827
		100507670
		4237
		10018
		51133
		132430
		7468
		5393
		91607
		10793
		55435
		10797
		57161
		253832
		4147
		79987
		2557
		9653
		102465454
		203547
		7122
		3418
		100996419
		677847
		10535
		9994
		134553
		3094
		79980
		283742
		57088
		167681
		79962
		340277
		10682
		100616424
		5781
		6452
		284014
		219931
		9589
		55331
		55073
		145783
		79944
		85480
		64093
		84131
		27074
		23020
		3433
		100133941
		55345
		54014
		51704
		84904
		140707
		3187
		51514
		101060363
		79648
		440081
		100526694
		120939
		9750
		80311
		114880
		284541
		9134
		440515
		57415
		3181
		55971
		144245
		91370
		653820
		169792
		5272
		284802
		9360
		54503
		8345
		102659353
		133686
		131578
		6596
		3037
		2070
		90865
		7465
		60489
		133015
		51196
		9590
		57648
		101929964
		26137
		3795
		2549
		3146
		7275
		55225
		4174
		284695
		340351
		134111
		993
		327657
		100652770
		5888
		54906
		79695
		389289
		85444
		1645
		101928963
		27030
		23011
		149773
		28990
		5197
		84553
		1894
		100037417
		64799
		51659
		26996
		57480
		8243
		7804
		4837
		91404
		80306
		80143
		220965
		50999
		140883
		6443
		10491
		3613
		54492
		100130855
		2187
		5230
		816
		10403
		9315
		286826
		4603
		91574
		100506161
		101927365
		122809
		643749
		113263
		54822
		441046
		4175
		541472
		3978
		1111
		151050
		79622
		255027
		93649
		5686
		1690
		100616452
		94104
		132320
		5634
		2537
		494514
		72
		63826
		83856
		91147
		2444
		6426
		55280
		10440
		5754
		171586
		100128191
		135154
		157773
		57508
		81620
		80010
		5771
		6509
		57692
		9308
		65062
		332
		9111
		55536
		745
		387921
		84466
		10903
		2271
		9706
		101927870
		84911
		241
		100287015
		54682
		104
		8336
		4241
		5422
		159686
		5782
		2175
		219988
		159
		160851
		64407
		1633
		55785
		1017
		6095
		4082
		4297
		4289
		79801
		6671
		97
		9474
		121268
		55732
		4799
		79668
		8969
		55835
		101930400
		10051
		54535
		5210
		171024
		84861
		54892
		6789
		3267
		10746
		317671
		5926
		10206
		340252
		57464
		9194
		414260
		10610
		2252
		201973
		79993
		4775
		4162
		124491
		9735
		4045
		10152
		441430
		284697
		653308
		79915
		374443
		5116
		3600
		144811
		3306
		51703
		8989
		115004
		55745
		25788
		57693
		25904
		27178
		113612
		57730
		839
		166968
		5175
		25878
		100506123
		1829
		80067
		9837
		4678
		285382
		23414
		222236
		57819
		80310
		55605
		255252
GSE46806	1594	57019
		79572
		7004
		101929368
		6642
		84859
		23102
		9638
		58526
		91373
		22876
		311
		54971
		9208
		140465
		9399
		8694
		9961
		10919
		23048
		89927
		149603
		55968
		155066
		404734
		23157
		4144
		558
		10300
		55718
		55798
		22880
		27147
		8091
		5324
		55102
		8100
		9873
		644019
		581
		23379
		89910
		678
		6780
		9467
		10447
		2745
		8776
		11332
		2034
		3851
		9197
		10144
		4552
		9583
		23479
		100302263
		11152
		7247
		4953
		51032
		8028
		9697
		91694
		708
		9401
		9217
		5935
		11191
		26289
		50814
		81856
		157567
		6257
		100532731
		23613
		170688
		102465256
		55973
		205564
		10106
		27339
		1182
		6744
		48
		25978
		56925
		56099
		3730
		1155
		84172
		9044
		23365
		474343
		22943
		388677
		10016
		26045
		2281
		3428
		11046
		8451
		10713
		5327
		9016
		1454
		23080
		23564
		25915
		81848
		2150
		64393
		5965
		54919
		4849
		54872
		101929857
		64976
		10597
		66008
		28227
		6239
		29763
		8476
		56106
		100302254
		60509
		51626
		2791
		83941
		80224
		23527
		55771
		80895
		54856
		91
		26502
		65982
		55871
		80148
		56098
		6715
		79048
		3628
		7262
		6322
		928
		23235
		217
		10422
		23499
		55654
		9665
		472
		8936
		4081
		79738
		55299
		55297
		22903
		10498
		84124
		90333
		8992
		9419
		11258
		64411
		165
		6319
		10135
		8824
		10201
		100534595
		9710
		60312
		6938
		54585
		5080
		4191
		80781
		22822
		118987
		1477
		11261
		79731
		56893
		55006
		92483
		7073
		4521
		115939
		5193
		123803
		5191
		9181
		56938
		1070
		28984
		728492
		100526831
		51112
		51008
		23005
		100302242
		26098
		8867
		23506
		79590
		4439
		79591
		28973
		79666
		55717
		84851
		10955
		83752
		407009
		9748
		619571
		64781
		60492
		4000
		1293
		65125
		55056
		10867
		3992
		9821
		4350
		9263
		51451
		10990
		79006
		200734
		523
		4862
		3975
		10308
		79567
		351
		3303
		595
		23683
		55721
		113
		28996
		8440
		101929889
		56104
		27071
		2313
		51347
		9693
		6810
		7294
		90233
		5660
		80210
		10391
		1355
		55196
		10969
		9231
		1902
		84986
		10766
		3216
		59338
		56683
		7596
		55246
		219654
		131408
		224
		23609
		9364
		51304
		64598
		101930241
		8773
		4311
		404636
		23333
		4698
		1540
		79829
		27069
		27043
		2022
		23317
		11062
		3551
		102725016
		3673
		55192
		22908
		10284
		51018
		10020
		51335
		9960
		51143
		267
		10457
		80778
		23077
		4712
		100507213
		101410538
		64837
		5361
		100996782
		27042
		1490
		54778
		2288
		56548
		6498
		6747
		55187
		9779
		1737
		5128
		51019
		84890
		55301
		23327
		11243
		7048
		3223
		10643
		2280
		10137
		79888
		25842
		25764
		1643
		9498
		4277
		6016
		10425
		7991
		51422
		3875
		6416
		3659
		124044
		9781
		1147
		334
		80019
		55715
		6650
		2036
		8452
		55954
		6666
		23195
		54758
		8703
		9612
		56652
		4734
		2664
		6817
		896
		10200
		10924
		54093
		5747
		55288
		8641
		2768
		9015
		5203
		1102
		56107
		6397
		9592
		10884
		10180
		9409
		6717
		22889
		81603
		54623
		4192
		22905
		10084
		9411
		8061
		79863
		55890
		9209
		7699
		8888
		4927
		6205
		9184
		4804
		221443
		6602
		54477
		221092
		23032
		8729
		23125
		2805
		9711
		51074
		25999
		55844
		54800
		100506718
		25875
		54537
		79083
		22858
		6387
		256227
		54469
		3269
		79673
		1488
		6227
		79684
		4249
		84296
		5372
		5335
		1615
		27250
		2592
		285231
		9131
		286451
		1123
		29116
		51124
		140461
		27347
		27181
		2582
		9522
		79135
		10539
		220869
		85021
		65084
		28956
		2118
		1292
		5441
		10782
		1871
		51340
		5209
		1022
		3912
		6300
		1723
		2047
		11020
		5281
		5708
		150472
		27077
		4345
		23262
		6601
		8636
		23505
		1677
		8417
		1026
		5606
		1390
		9771
		64780
		5468
		80213
		55341
		26036
		113146
		5533
		3337
		65998
		84900
		9686
		11057
		10282
		8491
		29919
		9397
		28966
		9092
		9875
		80146
		1945
		51282
		1501
		55907
		55191
		51665
		549
		27161
		9518
		23126
		2644
		10302
		55328
		7327
		3280
		8539
		29844
		23095
		30827
		4942
		2639
		29109
		2731
		440354
		93129
		25900
		729515
		54839
		3777
		55249
		8460
		819
		51507
		9655
		5095
		23108
		6818
		25821
		51601
		116985
		2101
		54509
		10902
		5899
		9488
		1787
		5884
		6622
		6718
		112398
		10046
		4281
		387680
		10763
		10314
		51439
		100526830
		55257
		100527963
		51455
		2564
		54914
		54884
		8425
		5001
		126231
		6840
		1649
		2152
		149111
		7138
		55094
		6935
		25820
		397
		1657
		51719
		54552
		1191
		23787
		823
		4659
		64689
		51035
		1797
		6696
		6495
		595101
		51317
		2060
		29087
		7001
		56109
		5546
		5202
		100049076
		27243
		1875
		58504
		100616237
		65244
		51706
		23474
		9166
		51093
		79018
		6001
		101930591
		5142
		54797
		10644
		101060521
		22900
		9014
		6324
		115123
		9776
		10559
		7150
		7040
		9318
		55269
		23768
		57798
		57446
		23075
		79720
		26025
		4817
		5862
		1020
		55471
		8309
		4212
		6451
		8905
		203069
		5228
		10461
		51067
		10019
		3632
		28639
		6812
		7786
		29967
		8682
		2967
		23270
		6302
		11253
		2201
		4232
		54832
		170960
		1445
		10466
		9824
		27341
		10383
		11226
		23074
		23136
		80254
		9143
		25920
		2617
		10438
		579
		23335
		5863
		100529067
		3911
		51141
		26273
		3654
		10455
		4646
		51134
		10399
		401387
		694
		8339
		56922
		51299
		3257
		56113
		5303
		7644
		8675
		9895
		7132
		55190
		4300
		25907
		9482
		23283
		5532
		9249
		23033
		664
		8738
		6342
		3845
		84901
		6606
		2803
		94134
		2305
		8562
		64400
		8406
		9562
		632
		1371
		10907
		645
		80017
		4130
		2184
		5824
		55975
		7936
		6643
		9647
		79096
		100532732
		5467
		3840
		7030
		56906
		6150
		84786
		253943
		2625
		91851
		6399
		80228
		145389
		5257
		5613
		22950
		90411
		3097
		100874309
		84719
		100507399
		55081
		4594
		1958
		64061
		8970
		81490
		5315
		83468
		5089
		10169
		23140
		254531
		5037
		9673
		8228
		55602
		2534
		79768
		10813
		8315
		80723
		26575
		5728
		50863
		143
		29882
		2323
		23116
		1051
		10564
		23291
		4052
		56101
		3068
		6767
		56731
		79042
		1595
		64422
		9262
		4077
		65981
		102465439
		9880
		7768
		10980
		56114
		60526
		23232
		5977
		9668
		55791
		669
		79029
		80789
		79719
		80097
		79034
		55367
		55093
		11344
		23243
		7291
		139322
		55333
		1846
		133
		11047
		3977
		9371
		30
		30845
		6472
		6782
		29088
		55841
		7332
		11342
		4131
		11275
		138151
		114882
		10202
		11179
		64866
		51696
		643707
		89845
		9666
		57406
		64285
		8379
		6787
		57403
		23164
		2932
		55957
		440295
		3655
		51622
		728233
		79734
		4671
		253725
		144699
		64854
		3836
		2114
		23063
		2033
		4335
		100506581
		5048
		90355
		101060578
		8895
		65057
		3241
		4323
		7769
		7917
		22891
		11343
		8767
		23741
		9525
		444
		23097
		654483
		253512
		7405
		23621
		875
		136
		10428
		6867
		23593
		23548
		8301
		90133
		1822
		6693
		4059
		57608
		9337
		92249
		80230
		5621
		11103
		56623
		6196
		7052
		80862
		57228
		6563
		27067
		101927965
		10139
		7422
		4772
		27005
		84187
		23219
		9958
		55316
		80206
		23303
		323
		100272216
		9921
		6934
		5108
		1305
		11066
		22834
		7874
		56255
		10579
		5734
		3416
		55662
		677812
		23462
		50488
		4189
		8971
		5770
		55070
		54838
		49855
		79939
		9603
		25966
		7329
		23175
		51312
		5867
		4714
		102724093
		79583
		55742
		27336
		648
		1059
		54344
		79365
		202
		103344931
		221061
		256364
		9648
		154
		5699
		9611
		11165
		102465906
		23412
		64601
		23637
		266655
		6891
		9732
		10589
		10749
		7728
		285203
		64208
		7518
		10252
		4204
		80194
		11060
		79589
		201163
		4852
		89795
		445571
		6654
		54861
		8772
		6259
		5813
		92140
		79943
		25813
		79443
		51660
		27183
		4900
		284
		2119
		1847
		51430
		2960
		5438
		53340
		26872
		9580
		636
		11031
		80351
		7534
		10140
		8658
		56102
		8651
		22854
		3226
		9145
		27434
		100532735
		55450
		210
		8637
		8131
		6305
		8614
		8125
		4644
		23268
		27032
		9227
		7942
		57826
		3265
		7013
		10554
		55744
		23246
		8550
		5719
		4026
		6662
		64922
		3693
		5636
		64318
		29803
		4651
		7916
		9489
		7813
		6919
		2677
		23592
		57472
		11041
		54820
		100996792
		7342
		8835
		8601
		645166
		3597
		23381
		286109
		5830
		55689
		23294
		4824
		9344
		51643
		22884
		51319
		9404
		824
		56097
		254102
		7773
		56648
		56103
		3098
		10527
		23321
		374650
		9236
		100507577
		79892
		9140
		57827
		10184
		5051
		7320
		23764
		283232
		4907
		7016
		7464
		3005
		154881
		5604
		26156
		11237
		5886
		5134
		100129405
		9446
		11214
		65990
		8648
		285672
		7109
		1611
		818
		9761
		100507630
		5291
		440026
		1964
		6574
		51728
		8853
		23201
		4013
		9392
		10322
		3920
		9733
		100616113
		100996928
		51754
		10365
		51106
		4853
		55855
		200576
		3385
		55818
		8443
		7226
		5507
		5495
		23329
		5328
		80007
		79176
		6793
		10607
		23608
		8604
		402
		8996
		23008
		23181
		23203
		5205
		10632
		102725271
		5430
		221960
		3189
		56108
		10778
		29953
		29855
		5786
		50865
		5550
		54880
		23475
		8930
		10385
		27247
		5791
		161176
		8293
		23673
		10762
		64215
		55568
		5909
		22921
		10519
		100529257
		54541
		3783
		6515
		9179
		7486
		26035
		873
		3099
		9554
		7571
		9945
		3297
		51393
		27429
		23588
		27342
		23122
		23043
		79137
		79979
		9814
		9708
		2588
		54453
		8453
		22916
		91775
		9751
		389906
		56675
		9712
		7290
		54491
		4054
		9937
		23037
		9695
		29928
		11319
		155400
		22836
		7378
		51160
		79026
		211
		5510
		966
		79068
		80216
		51631
		10274
		3667
		1778
		55750
		79789
		574412
		3732
		1555
		6764
		64859
		79686
		375133
		23710
		50486
		100272147
		5912
		9491
		100302239
		1471
		23189
		10475
		619570
		54665
		8925
		54619
		23082
		10616
		10801
		1525
		10555
		166647
		9266
		3598
		55323
		1195
		5646
		10174
		11183
		80184
		80028
		50717
		23513
		9284
		9644
		55652
		54521
		374354
		64421
		55716
		27350
		274
		3550
		54863
		1508
		5297
		51090
		6320
		53
		5329
		29081
		50861
		51663
		11196
		2135
		26123
		54466
		404672
		10638
		6786
		26130
		7771
		3294
		865
		10260
		4216
		5920
		5603
		53635
		8994
		57343
		10435
		23395
		9473
		57509
		60314
		80011
		23657
		2010
		9767
		51334
		9946
		2222
		22913
		3460
		55361
		374868
		22978
		57728
		23523
		1848
		57720
		4882
		4706
		598
		780
		1666
		11030
		9846
		23314
		8721
		51230
		8900
		657
		11120
		54103
		26043
		54629
		10116
		26509
		10807
		3198
		5834
		25865
		79991
		79912
		1798
		2017
		64431
		23774
		51157
		3305
		56111
		6607
		8567
		56994
		9054
		100462953
		54780
		2004
		11163
		79071
		11127
		6907
		357
		64149
		9637
		80256
		9050
		2132
		84869
		23729
		958
		9826
		8887
		7673
		284266
		5580
		79035
		7461
		6103
		5316
		26011
		1955
		11142
		3606
		2746
		5645
		22809
		9531
		5366
		112611
		23463
		572
		3984
		6483
		7029
		10005
		4913
		22944
		3725
		2799
		55154
		2324
		2217
		7423
		54505
		6844
		56271
		114885
		79080
		90338
		150967
		102465133
		9658
		29098
		1389
		8027
		9136
		64065
		10360
		9448
		80063
		81570
		2260
		2995
		83444
		1002
		10873
		259230
		552900
		54849
		5585
		401251
		25945
		11059
		8732
		51103
		100526783
		57761
		6804
		5307
		3159
		7767
		728013
		59307
		22848
		10102
		55777
		9919
		8544
		2120
		57215
		3417
		57707
		55062
		7158
		8576
		102466223
		22928
		79145
		55152
		8500
		57175
		8771
		9728
		25827
		58986
		51606
		7090
		6932
		8470
		7515
		5704
		6447
		81628
		84809
		23594
		102724364
		65109
		10121
		23167
		10049
		8623
		4088
		79161
		81855
		8710
		8795
		7203
		56654
		5498
		11145
		10289
		9435
		1069
		63916
		23288
		1849
		79159
		55722
		23051
		51320
		54498
		100529264
		54882
		101928589
		54704
		55909
		57498
		10819
		81688
		4217
		538
		162
		54386
		25836
		64112
		9805
		51329
		64114
		1742
		4864
		7716
		6950
		8260
		10810
		8690
		55032
		10434
		9652
		10253
		4851
		25972
		1497
		23522
		955
		25898
		120526
		29978
		1808
		10239
		822
		2802
		6102
		92609
		113251
		4205
		100996668
		9827
		23094
		26953
		28952
		11160
		1852
		5893
		440672
		26012
		5306
		445329
		57107
		102800317
		2766
		10605
		654342
		56110
		81619
		9567
		6877
		2747
		2671
		7818
		80823
		8402
		2294
		9391
		79004
		403
		56259
		79630
		11212
		3304
		26276
		100533483
		7322
		9581
GSE55942	1632	8434
		1178
		57863
		9333
		79813
		728
		390561
		6541
		1810
		56903
		2994
		4836
		80099
		286749
		30849
		101340250
		7337
		10129
		79679
		6327
		3238
		1068
		486
		102723407
		3239
		10220
		5310
		6375
		4094
		25854
		79095
		1084
		101929304
		8600
		10075
		6709
		6097
		8913
		80168
		100129973
		51338
		5671
		3787
		3562
		51147
		26581
		27334
		23544
		7634
		729428
		10083
		4613
		92017
		5097
		1944
		8851
		55020
		10161
		57091
		2099
		57119
		64446
		3500
		6568
		3694
		5795
		3170
		5288
		7054
		54550
		6017
		4115
		6048
		10516
		2626
		54112
		2712
		1562
		1557
		4987
		51378
		8029
		1193
		3963
		79370
		6134
		89
		2295
		1550
		2533
		7454
		649
		3903
		50859
		6480
		2792
		9849
		3003
		140597
		5592
		26266
		5625
		1101
		26748
		2543
		5224
		5129
		11173
		8076
		4481
		401331
		1289
		7869
		387535
		8510
		2121
		8001
		7146
		9497
		8745
		10215
		10568
		10981
		222
		10876
		2911
		27035
		101928378
		54674
		9545
		1418
		11184
		1368
		711
		3779
		2769
		7700
		9152
		4992
		6792
		7439
		5159
		8352
		4978
		10891
		5442
		729
		50939
		2
		11005
		10942
		1179
		344
		1133
		6271
		6658
		336
		54925
		3817
		548313
		3651
		28387
		9332
		4791
		101929832
		6954
		79781
		22798
		80852
		55080
		3283
		1030
		763
		100653057
		4632
		3123
		80125
		23349
		6545
		28968
		10765
		3117
		100134822
		23287
		22829
		6777
		100533181
		23604
		5818
		727837
		90634
		8000
		51778
		4093
		8608
		6609
		27004
		8736
		5444
		4629
		100133121
		4969
		6529
		102465526
		60482
		645037
		3024
		124
		4988
		2303
		9651
		2212
		284352
		5313
		23569
		100616497
		80114
		84059
		55547
		55206
		901
		4015
		7021
		653145
		6540
		6049
		881
		1734
		23500
		3565
		50615
		1258
		101929726
		392
		51285
		58189
		168544
		3360
		5275
		10107
		3231
		3617
		2043
		9437
		10013
		525
		23386
		100533178
		3736
		4703
		23418
		3695
		1400
		375057
		7273
		5173
		346
		5121
		51341
		4299
		8633
		56979
		3501
		8529
		100128124
		6569
		7139
		4145
		26212
		10142
		2064
		83937
		6295
		440712
		151313
		462
		3746
		26191
		3361
		8021
		3593
		9148
		353299
		3950
		3603
		40
		3764
		8038
		204851
		4648
		2577
		11259
		22802
		100527949
		100293211
		8712
		3514
		11174
		4057
		5891
		25797
		245812
		2947
		4199
		11262
		11338
		3340
		11036
		57821
		6557
		135948
		5789
		6334
		27036
		8626
		8777
		100996492
		27019
		23236
		6708
		3488
		26030
		11045
		8477
		1826
		820
		5579
		23040
		10136
		148753
		838
		8435
		11074
		23185
		23014
		23405
		56163
		51816
		54209
		6252
		148
		10159
		55966
		100101116
		100130449
		1300
		27324
		7433
		6967
		1041
		51744
		22897
		9022
		345
		100616358
		10362
		9499
		29774
		4158
		7223
		51364
		5949
		23341
		100505874
		1620
		728239
		5740
		8351
		79726
		2620
		59351
		6695
		3140
		141
		80739
		4939
		2993
		100131755
		79758
		11148
		26749
		7066
		2104
		116986
		8644
		27098
		8823
		473
		54967
		5608
		100093698
		100533990
		26771
		2812
		2516
		101928344
		23410
		5167
		51531
		7200
		53345
		10960
		2587
		102725136
		390892
		10864
		80258
		7045
		25928
		6276
		43
		221823
		3502
		259197
		119
		1446
		90011
		23630
		415
		5208
		438
		93432
		953
		23383
		762
		23223
		10346
		4619
		81797
		177
		23034
		9509
		22821
		729442
		7593
		2940
		64091
		10847
		8013
		2220
		2528
		5506
		6543
		8521
		81850
		1993
		919
		1268
		633
		8331
		10957
		1285
		51311
		255926
		83446
		4092
		23162
		140467
		2210
		81696
		3700
		26539
		5322
		84033
		8999
		5266
		10235
		5276
		60598
		100303453
		28755
		2243
		8431
		1087
		810
		65220
		6462
		23046
		4477
		2905
		51725
		100532742
		6795
		100287226
		101060835
		671
		5678
		4301
		6299
		56957
		4326
		4207
		54463
		7018
		946
		6678
		7020
		23601
		5079
		3773
		100507458
		7366
		24141
		4848
		7852
		8817
		64062
		54212
		2304
		23284
		3827
		4589
		5414
		6194
		9034
		4070
		23743
		54470
		9576
		8838
		5179
		57644
		3859
		1572
		55911
		886
		147172
		57419
		320
		100289255
		1748
		51351
		1359
		2578
		26105
		8289
		971
		479
		8354
		9595
		9938
		4908
		9340
		4778
		3815
		56936
		11081
		57348
		3579
		51480
		4885
		55567
		4091
		101930075
		9568
		51733
		6144
		729230
		4803
		56928
		79696
		7711
		2878
		83483
		54810
		125
		1188
		6504
		7293
		102724788
		79777
		2185
		171017
		6360
		29924
		5697
		186
		3039
		11189
		7512
		1586
		50512
		29881
		3561
		64856
		84179
		11075
		23504
		22904
		2555
		2982
		3718
		7148
		5087
		85477
		23254
		8503
		2697
		53826
		79150
		56475
		152687
		6778
		64838
		2675
		6756
		55729
		58495
		101930150
		56143
		54578
		25763
		2913
		8897
		22861
		5837
		1674
		2173
		4068
		3503
		23519
		348158
		9420
		92973
		4035
		3537
		4821
		10089
		80157
		100505650
		2575
		2204
		1999
		22895
		6439
		50838
		284361
		80303
		6262
		9139
		3931
		101928670
		4692
		3429
		100008586
		22844
		4248
		460
		728882
		84288
		4901
		1607
		1536
		26778
		55340
		8220
		57333
		1628
		728113
		55448
		496
		2829
		7355
		5788
		2244
		55811
		123876
		51127
		91683
		5449
		57191
		100996542
		3201
		7047
		3806
		5858
		23007
		56667
		677
		10060
		24142
		79092
		29906
		55124
		126
		66002
		5071
		920
		9468
		442186
		1757
		51310
		50858
		1804
		10324
		2633
		1236
		3662
		28
		10223
		9687
		79816
		5265
		3338
		81693
		2980
		79927
		3400
		79730
		2880
		3631
		2556
		56062
		192670
		3578
		6405
		3055
		50835
		3040
		347344
		429
		80000
		10917
		9745
		1080
		8837
		23205
		6906
		54657
		2057
		1237
		56142
		29780
		7348
		56937
		11095
		3991
		7528
		270
		5156
		50626
		23460
		140678
		5178
		3363
		26582
		1749
		7799
		23428
		23196
		10298
		7783
		81494
		3375
		8353
		962
		1837
		9142
		2906
		2852
		8548
		3242
		140803
		3512
		28232
		54508
		57835
		1750
		9546
		353515
		55138
		4685
		3739
		7079
		5900
		100129528
		58503
		6755
		84107
		7594
		9992
		577
		79906
		10214
		7305
		84658
		54551
		728695
		7474
		1187
		730051
		8620
		100124541
		158586
		1444
		90993
		6618
		100132285
		2515
		1828
		23017
		29065
		70
		6819
		64084
		4352
		2151
		3290
		10612
		26762
		2196
		23617
		1134
		2861
		185
		8433
		58157
		80183
		642559
		63827
		11170
		1109
		7704
		7712
		138046
		153
		257152
		23643
		80129
		26088
		7204
		27241
		81623
		6527
		56165
		4018
		101928789
		9862
		253175
		64430
		79740
		159963
		10570
		9023
		22915
		53829
		6444
		246
		100505984
		9628
		64092
		91807
		8085
		6855
		55065
		51066
		26586
		80736
		1580
		5544
		4604
		54576
		54900
		7142
		56145
		3802
		9260
		8284
		23072
		25775
		80012
		160313
		7216
		7093
		2736
		203611
		1539
		796
		9122
		27288
		29937
		619499
		10444
		50802
		6440
		55260
		6123
		64600
		3683
		1442
		54986
		440387
		860
		3884
		4887
		1776
		2158
		2576
		79839
		84271
		8932
		29118
		440352
		4625
		27006
		8392
		57048
		101927270
		80761
		4916
		388699
		150160
		10002
		149076
		4880
		91120
		55801
		3082
		10178
		6536
		64816
		2833
		8356
		5406
		23090
		7156
		6663
		4750
		9469
		3812
		80023
		23511
		54677
		79973
		28823
		4617
		339005
		23762
		1421
		78989
		2670
		729408
		3007
		2972
		2006
		361
		25893
		5320
		27134
		169522
		653499
		552
		55026
		101928669
		85453
		51302
		100132399
		5676
		1282
		8819
		3355
		7568
		26998
		51011
		229
		4842
		80111
		1504
		2263
		100996442
		79890
		3712
		4622
		11156
		81624
		5816
		1833
		3119
		5241
		4222
		93408
		10110
		10224
		3127
		5504
		4739
		3891
		5997
		100862697
		7782
		6846
		1142
		202018
		653361
		6759
		5346
		1052
		27330
		440253
		5617
		8572
		4247
		10896
		27202
		8290
		57336
		26103
		55387
		1489
		3050
		1805
		57194
		81931
		6339
		2560
		2702
		100131205
		10540
		3196
		442194
		645073
		5670
		10608
		2048
		55338
		79853
		56130
		57185
		51105
		3174
		101929036
		491
		4495
		81027
		83478
		9844
		3581
		7092
		26051
		101929540
		846
		7080
		3484
		6445
		2161
		644450
		2897
		7940
		51666
		1654
		3494
		7432
		3268
		8908
		8355
		8578
		23026
		9597
		51411
		51281
		3803
		26095
		6430
		367
		1040
		50836
		284021
		102725198
		5988
		57165
		25794
		3855
		862
		8928
		54891
		28517
		727897
		27328
		1733
		51352
		29851
		55701
		28396
		6369
		374286
		4747
		149684
		3570
		9083
		25861
		7837
		213
		6424
		101929148
		2863
		10881
		28442
		1143
		9537
		1261
		53919
		7681
		5145
		28738
		4800
		4593
		51198
		11025
		4034
		441666
		3507
		5733
		5790
		353189
		5330
		9267
		8497
		8698
		2100
		79940
		4915
		729991
		10736
		1284
		10730
		4935
		1592
		9715
		4114
		100129271
		4888
		2735
		6898
		5727
		53905
		23114
		5413
		54658
		322
		575
		9444
		26240
		10566
		7070
		6581
		10396
		55025
		10395
		316
		8513
		3804
		50632
		2689
		6899
		9758
		8794
		51438
		2638
		3546
		79990
		8811
		10716
		5317
		83447
		100316904
		11009
		30000
		1953
		1571
		729396
		8115
		28959
		101927057
		7472
		56157
		640
		9287
		57612
		7008
		3426
		2011
		3452
		1593
		5763
		4763
		54869
		3053
		912
		1235
		58530
		5382
		25769
		753
		9080
		80072
		80774
		80319
		64582
		8942
		10875
		23769
		2170
		9321
		3195
		1482
		5075
		228
		414918
		3495
		1066
		100101629
		79852
		10332
		2778
		238
		54361
		3604
		3081
		3760
		51475
		55304
		63970
		4647
		7757
		90204
		4246
		10148
		7036
		3557
		83942
		2162
		1132
		4308
		54346
		2574
		6927
		3126
		1544
		101927792
		7429
		51621
		5996
		9472
		729234
		1124
		51806
		27120
		5161
		146
		6550
		356
		2898
		8647
		8350
		8938
		253190
		2538
		10411
		634
		5455
		3741
		8822
		3752
		1233
		3887
		5146
		2843
		11309
		8447
		9219
		53841
		9452
		79969
		6769
		1859
		3782
		7177
		1048
		2901
		1278
		10858
		3635
		3224
		23770
		10086
		54662
		586
		89853
		999
		10753
		6983
		2330
		107
		4099
		23030
		100526833
		100529211
		7056
		63876
		734
		2798
		56918
		1814
		26220
		5340
		11136
		6776
		3605
		9820
		100996809
		9256
		11317
		23166
		8358
		6585
		3002
		55281
		3010
		3690
		744
		653513
		56300
		26145
		8927
		81557
		11278
		2996
		26584
		79173
		9515
		54626
		29113
		26050
		9496
		1149
		2695
		10661
		1559
		57556
		4688
		182
		11117
		3809
		83715
		5176
		167
		11238
		57794
		60676
		250
		55793
		11027
		10879
		7091
		130
		6005
		81031
		100288069
		2917
		54345
		832
		6006
		23053
		3868
		26952
		57805
		9085
		3929
		8756
		64111
		79087
		27185
		4524
		243469
		50940
		5680
		27123
		1003
		10747
		8288
		3547
		240
		2209
		5462
		922
		2741
		6035
		7044
		25859
		1277
		3456
		55018
		56926
		10825
		4069
		9436
		3492
		51208
		8832
		2277
		645051
		25806
		6757
		4062
		6096
		57038
		338645
		57242
		10188
		54600
		9863
		81501
		7006
		2688
		55714
		26239
		1813
		101929047
		388886
		645961
		64776
		10443
		25759
		10343
		2692
		100526773
		1081
		6677
		100509457
		100290481
		10231
		4118
		173
		100507249
		3674
		83714
		53947
		59
		2358
		1949
		64067
		1016
		9757
		27159
		9619
		5099
		6843
		4112
		3811
		50937
		9082
		79841
		9108
		54575
		1472
		2020
		7053
		56146
		2052
		2868
		1308
		5350
		5053
		102724409
		6530
		80161
		1270
		23038
		10584
		51561
		4223
		5031
		2899
		80816
		729431
		283212
		101929219
		535
		90480
		683
		414771
		5729
		9966
		29903
		286
		643376
		3125
		1365
		6258
		1807
		2902
		10620
		7075
		6362
		80342
		6476
		79025
		8511
		8335
		4636
		4689
		9630
		51807
		4608
		6853
		23759
		10462
		10850
		29760
		2918
		251
		83259
		9823
		1823
		887
		23543
		8864
		93164
		56132
		2760
		2257
		9696
		60506
		8416
		1136
		22996
		2637
		11283
		445347
		150
		3018
		30835
		4974
		6690
		8357
		1045
		100529855
		23139
		221395
		26238
		10022
		492
		208
		474344
		100271849
		3071
		6007
		10666
		55512
		25803
		162972
		8348
		5239
		3493
		11250
		1264
		339479
		28663
		2042
		10637
		27253
		28831
		9073
		9976
		786
		3293
		59347
		64410
		827
		3128
		23431
		81033
		6773
		4440
		6665
		9947
		5101
		51207
		2701
		8653
		2558
		56892
		755
		26138
		2268
		9426
		5746
		85375
		729447
		2579
		2016
		3934
		83450
		57823
		100132417
		401630
		100132948
		729422
		266977
		4583
		23305
		924
		26102
		10446
		8896
		223117
		6332
		8911
		1043
		6014
		2660
		22865
		100131827
		2248
		10669
		9271
		7932
		6586
		51156
		85360
		2700
		1183
		27039
		11077
		9210
		10320
		259215
		53405
		88
		1009
		348035
		2488
