Names	total	elements
GSE115406 GSE12059 GSE12764	33	775
		84867
		427
		29797
		2044
		3763
		4477
		4848
		4589
		79742
		112398
		255057
		80274
		5788
		7037
		2128
		160419
		3676
		29958
		55366
		7544
		51085
		117584
		23629
		143686
		7490
		54538
		4173
		63027
		25959
		23586
		51454
		4312
GSE12059 GSE12764	103	10220
		286499
		10075
		7634
		168537
		7054
		83591
		10016
		57118
		220108
		11168
		126393
		5442
		64478
		3687
		79776
		3117
		25791
		152002
		28965
		128853
		57082
		10788
		341880
		51144
		55301
		55117
		777
		51710
		119
		8370
		146057
		4619
		130589
		941
		26716
		6561
		152185
		7368
		64927
		114822
		6329
		4745
		1674
		55867
		4982
		55897
		254187
		55349
		1005
		8970
		51540
		5156
		3434
		51804
		2906
		90993
		65986
		6535
		84305
		10211
		64921
		9066
		11103
		55472
		25879
		80008
		8208
		11013
		8928
		8986
		56341
		6927
		26338
		79026
		57679
		417
		92806
		57460
		89866
		6005
		414328
		23708
		4858
		57728
		9813
		23731
		51659
		6476
		26261
		84449
		3018
		5498
		2693
		55010
		10750
		1264
		54675
		2016
		10746
		4162
		55344
		27296
GSE115406 GSE12059	135	4340
		4319
		51206
		121273
		678
		1901
		8190
		23365
		112770
		6281
		84734
		10938
		114134
		64180
		283537
		6658
		122664
		3430
		84674
		84253
		22829
		85363
		7039
		9200
		57804
		5313
		6337
		140688
		4669
		1435
		118424
		9317
		9462
		146183
		5914
		3269
		9248
		29800
		80328
		7045
		7504
		25928
		11007
		130560
		115704
		64770
		57591
		8013
		134492
		222611
		10317
		23576
		7535
		55806
		27443
		646627
		6251
		9028
		348158
		126969
		3744
		23335
		3257
		54742
		394
		7849
		7348
		50863
		11245
		152110
		64084
		257144
		30834
		137196
		23133
		860
		9753
		50488
		79365
		89884
		8812
		148113
		54861
		10761
		5635
		10418
		11211
		54566
		84072
		5611
		116840
		55958
		84959
		2246
		57611
		10123
		64582
		54716
		51593
		64116
		30813
		7378
		23348
		3732
		7172
		2199
		80325
		9086
		4654
		144406
		10501
		285126
		4524
		84631
		8814
		3674
		51326
		26206
		5645
		84570
		90480
		64799
		286
		800
		2902
		399979
		58499
		124912
		57175
		65109
		2760
		10512
		92949
		2248
		80709
GSE115406 GSE12764	371	1638
		286749
		101927581
		3824
		57338
		151790
		2350
		118932
		54414
		142940
		23544
		100291626
		3559
		2814
		3211
		3500
		27063
		387923
		56099
		57221
		26531
		64388
		8701
		219595
		3963
		79370
		8528
		653544
		652301
		64216
		118856
		4242
		130271
		9914
		441461
		440
		26228
		8001
		4058
		2911
		305
		139420
		100529207
		541471
		100628315
		8654
		1030
		116444
		23186
		6236
		147323
		400027
		4329
		151760
		23363
		7222
		284352
		6344
		3937
		57139
		7021
		254042
		129293
		89869
		7042
		50615
		2775
		9437
		3909
		3216
		121601
		6670
		646074
		23430
		23609
		389161
		100996843
		462
		6656
		4648
		283078
		57718
		3514
		11174
		11036
		93010
		27125
		29930
		8703
		100130581
		124565
		114884
		1379
		22905
		6967
		7710
		127733
		404744
		2691
		29774
		440173
		1620
		199990
		2993
		10911
		8823
		2526
		100506779
		861
		10864
		100505783
		100616446
		27181
		3502
		2118
		29887
		56253
		2047
		5787
		1977
		55107
		4861
		387104
		1087
		4829
		348645
		9576
		101927826
		100128554
		3768
		100506679
		11081
		166012
		1636
		5731
		7455
		186
		8706
		6492
		64856
		337970
		340273
		23237
		23023
		54462
		102723449
		100288687
		3503
		1768
		3537
		100507098
		9381
		10117
		340178
		10203
		641339
		152742
		1607
		57047
		84000
		10814
		404266
		2244
		123876
		64760
		64753
		56667
		10663
		2264
		6991
		9229
		150726
		340024
		64798
		3688
		100874309
		58160
		23554
		84793
		91828
		2822
		100101120
		100288289
		54756
		7690
		55540
		154822
		2915
		23409
		79368
		100134444
		162333
		80341
		3707
		26586
		55244
		253039
		9260
		6573
		10740
		55001
		1601
		91860
		146771
		43849
		100507605
		9729
		54434
		28823
		22947
		8863
		653499
		245932
		100506047
		229
		9096
		6992
		729956
		157777
		100506639
		1833
		339483
		2119
		5346
		27330
		101928269
		140732
		10580
		8651
		51666
		3494
		114335
		1131
		653548
		167227
		6910
		27328
		101926921
		28396
		213
		346171
		8945
		28442
		3507
		5733
		140870
		653545
		5137
		102723645
		29997
		4773
		931
		9444
		960
		55024
		63977
		400954
		80119
		100419743
		196264
		6887
		10875
		6304
		1412
		10824
		3495
		2778
		6751
		5407
		7757
		10148
		113277
		4308
		101928457
		728410
		26188
		7429
		5618
		2898
		26053
		9355
		113115
		6983
		107
		170626
		2078
		343071
		64231
		93426
		5004
		30818
		153579
		9068
		80036
		124626
		55423
		4056
		6850
		828
		1404
		8618
		5047
		2628
		284424
		441056
		3492
		8832
		79727
		285965
		25890
		10188
		2688
		11163
		4008
		150527
		390963
		30012
		100130458
		100506272
		399821
		64067
		100506403
		50937
		7462
		203111
		2324
		55888
		219409
		1645
		65266
		246122
		83716
		6362
		9315
		339896
		81285
		2035
		57707
		93649
		79899
		83259
		26583
		445347
		285888
		606495
		2740
		118788
		3493
		285513
		5897
		28831
		6095
		255480
		140699
		653543
		83592
		81033
		101928710
		89876
		6714
		389634
		755
		26341
		23305
		1043
		56245
		88
		5175
		401081
		79674
		646743
GSE12059	1729	1801
		200959
		10309
		4628
		5499
		79618
		4893
		11169
		1244
		25953
		404552
		58526
		25936
		145781
		54940
		148252
		54971
		56971
		84939
		825
		158521
		84467
		57026
		26986
		11280
		84077
		9985
		171392
		57459
		3475
		29998
		55109
		117854
		51742
		58488
		9440
		943
		8493
		27158
		4993
		25909
		55968
		245936
		23416
		79982
		4144
		39
		119749
		51397
		23318
		85364
		80218
		200916
		6780
		57062
		84132
		8214
		5475
		93190
		11332
		8153
		79874
		84376
		55193
		4953
		27334
		9149
		26974
		8462
		9223
		84816
		53343
		10083
		51142
		2589
		359821
		51642
		26289
		166379
		10458
		6257
		3750
		57091
		10134
		51249
		57150
		55900
		55037
		55959
		51780
		147965
		1510
		360203
		48
		54708
		8607
		4128
		3665
		5981
		57190
		83596
		57144
		2774
		278
		6048
		84315
		219436
		5225
		5223
		23002
		54960
		6434
		55454
		4342
		1454
		84444
		23564
		9187
		1584
		90324
		55144
		7272
		5592
		25818
		9593
		206358
		29066
		50484
		5650
		5362
		29949
		9716
		8111
		120534
		80895
		55507
		54856
		7402
		26502
		26532
		138162
		11177
		10215
		5338
		26270
		54908
		5081
		6322
		118663
		57402
		84197
		200504
		7143
		9993
		374977
		158131
		93183
		81569
		90050
		78991
		9765
		2806
		55297
		3883
		84320
		25902
		138311
		79970
		84667
		94240
		10135
		124093
		2569
		8824
		319
		10201
		4682
		8781
		5564
		55781
		165324
		84987
		4157
		2253
		55534
		51691
		55006
		4521
		84336
		347273
		54751
		8874
		2021
		29044
		57563
		6774
		28968
		10765
		10243
		79862
		51652
		80765
		23287
		7434
		85411
		5655
		5301
		9254
		65056
		23604
		30850
		6632
		2523
		92521
		27004
		79666
		64174
		55717
		128312
		382
		10955
		9748
		3008
		10112
		2483
		1374
		55760
		2303
		51527
		3975
		79709
		10308
		79804
		3895
		8564
		146849
		54681
		51434
		143684
		252839
		79571
		4015
		7032
		84684
		115024
		1473
		148022
		200150
		8566
		6880
		1734
		3843
		57657
		79691
		442867
		285172
		9283
		23563
		2110
		4009
		60386
		57678
		257236
		1355
		55653
		55196
		51701
		4828
		525
		56919
		153562
		5901
		9074
		2744
		90441
		59345
		10585
		7596
		160760
		5587
		196549
		56287
		4735
		131177
		55783
		131408
		51575
		2762
		84173
		84899
		146862
		197257
		219738
		55040
		80264
		163049
		1487
		7360
		85395
		51214
		790
		11062
		10240
		1122
		23411
		84148
		83857
		6556
		79084
		221656
		90737
		51069
		1409
		81493
		1663
		90649
		26330
		9960
		152048
		51143
		1892
		1437
		7547
		9296
		127124
		90
		54847
		5361
		283385
		1490
		54778
		4105
		2954
		10826
		55872
		26084
		11190
		6557
		135948
		9493
		133746
		27036
		10137
		4991
		8346
		1509
		28989
		81488
		26355
		10425
		151516
		5078
		196383
		29789
		1997
		6888
		57130
		5995
		9698
		125058
		6666
		79363
		143379
		5579
		866
		23300
		10594
		338692
		8502
		151473
		29086
		4734
		6640
		60561
		4245
		10598
		26019
		54512
		345757
		9040
		390436
		54873
		55227
		2768
		128061
		5203
		11093
		10255
		7844
		57721
		6717
		10998
		80790
		11012
		7179
		9798
		11273
		81
		7433
		79863
		153745
		5192
		84312
		51744
		85465
		9184
		55005
		140838
		133308
		79149
		2805
		7411
		5199
		23118
		79637
		64949
		3140
		79758
		6387
		5865
		1060
		3590
		83940
		10456
		197258
		5684
		151195
		222698
		285855
		578
		79703
		10168
		57594
		493911
		27250
		6331
		10874
		80031
		23767
		51449
		219927
		25946
		79854
		3786
		6746
		390078
		27258
		221785
		83607
		3925
		85021
		28956
		430
		83931
		3987
		84650
		438
		1022
		221264
		55664
		4820
		1762
		84865
		51015
		252969
		1349
		7965
		23034
		267002
		7593
		22
		2940
		64091
		10847
		5730
		253635
		81850
		55902
		4674
		26173
		23178
		10248
		124817
		2023
		64780
		10957
		56267
		89797
		23443
		1803
		1201
		51307
		54946
		85300
		92912
		140467
		3700
		81696
		8778
		89780
		6309
		9686
		10621
		8530
		55207
		28513
		4005
		9397
		55357
		10063
		80204
		25800
		8737
		64121
		50618
		7675
		79948
		9441
		6519
		83891
		6317
		131118
		94056
		4326
		5184
		55756
		56204
		549
		56978
		27086
		2644
		6678
		57102
		51186
		153657
		50640
		9098
		1869
		64801
		83755
		4149
		81839
		2992
		126626
		259
		54757
		283849
		7752
		54995
		283254
		10472
		10772
		5681
		51567
		4733
		11267
		283316
		320
		7633
		5663
		9141
		55249
		353174
		5605
		4716
		25821
		51601
		79670
		2821
		64754
		5726
		130507
		10397
		54509
		2322
		79736
		10290
		7417
		10299
		196483
		643418
		1650
		84837
		83656
		85439
		576
		56344
		120776
		10732
		51733
		4014
		83543
		54884
		197358
		1234
		9833
		389376
		3142
		54805
		7293
		163081
		54936
		5757
		8484
		26280
		9886
		51496
		29924
		127253
		55739
		339745
		6558
		5260
		55704
		2060
		9672
		2195
		10591
		84800
		84066
		4084
		5627
		64320
		26226
		148266
		2542
		5594
		8266
		10424
		80232
		26056
		3993
		9776
		7480
		51300
		219537
		64326
		9682
		5837
		64960
		58533
		6429
		84221
		140739
		5797
		83932
		5990
		10592
		8089
		25824
		63894
		51024
		51547
		150737
		9678
		1152
		284361
		2046
		7110
		23270
		80303
		11253
		3069
		283487
		56986
		9824
		9557
		4168
		84288
		140460
		23583
		162517
		8660
		57333
		6011
		163087
		4154
		9702
		57157
		168620
		10455
		124599
		2581
		7355
		55239
		10212
		23450
		9817
		5426
		8174
		24144
		57191
		200081
		7639
		10257
		57326
		84056
		7047
		672
		8575
		7644
		1746
		9780
		254910
		89894
		147660
		5532
		10228
		7257
		57103
		6925
		4201
		6920
		3437
		55697
		9261
		2875
		176
		219670
		83862
		66002
		123606
		5071
		57018
		23408
		7326
		1362
		64184
		9277
		4318
		22986
		9402
		10865
		284217
		26235
		1039
		64768
		285590
		5824
		55279
		115196
		140686
		7030
		57097
		112483
		23612
		6150
		5565
		4194
		377841
		3400
		8428
		3833
		282618
		55003
		2788
		5257
		60485
		80078
		10972
		374
		90850
		255809
		55884
		9620
		64061
		157869
		585
		9569
		9623
		84518
		90701
		83468
		29780
		51614
		9604
		80321
		26150
		1602
		115207
		23742
		127833
		8875
		123169
		646257
		79768
		8846
		750
		7799
		8315
		55892
		56894
		23163
		51012
		84991
		55805
		143
		3090
		80740
		3049
		1051
		84868
		65243
		7559
		7403
		51427
		9510
		64422
		7268
		26127
		9319
		8445
		169611
		196403
		9262
		25929
		115948
		51290
		135112
		51094
		80115
		170679
		10090
		23232
		27229
		285148
		284716
		5900
		29108
		53827
		1745
		219875
		84107
		7594
		11118
		11334
		6668
		79906
		115817
		7305
		54461
		10634
		79088
		10989
		5721
		55093
		7474
		1187
		54806
		3104
		2975
		58155
		128077
		9064
		54943
		10171
		29889
		4352
		29901
		117245
		55841
		5638
		55738
		7175
		8433
		128646
		71
		63827
		6497
		284348
		9997
		64376
		196441
		3588
		6787
		57403
		6911
		23164
		57002
		101
		55181
		23480
		51622
		353142
		1135
		3836
		10963
		5048
		8455
		8581
		51324
		8273
		4102
		400506
		26225
		55650
		284296
		8540
		133022
		23169
		197407
		57619
		64793
		10531
		84975
		85865
		5544
		23746
		54934
		7142
		132989
		116143
		168433
		8506
		22841
		79858
		127829
		92906
		5034
		4113
		64600
		6628
		84832
		390197
		63904
		54916
		29926
		27005
		5675
		144360
		7670
		162998
		55316
		2796
		29118
		7507
		545
		5292
		80332
		4625
		134145
		6909
		54816
		57716
		961
		3234
		977
		5093
		54442
		7349
		55824
		27235
		341568
		9156
		5798
		642299
		55662
		65018
		25831
		8356
		57787
		54929
		23765
		10815
		29890
		374659
		387
		115727
		6926
		79628
		11141
		22990
		7295
		54617
		79973
		11055
		64089
		84985
		148213
		1421
		665
		8569
		6617
		55119
		92840
		132612
		26648
		9913
		6698
		55150
		9980
		84218
		81545
		4324
		2801
		221120
		163688
		84701
		57659
		2694
		3455
		79157
		890
		26476
		58485
		3669
		817
		4719
		91687
		119392
		57795
		9121
		6654
		3623
		6878
		892
		439996
		23197
		128602
		84230
		55128
		1007
		7748
		25870
		80279
		55049
		10795
		845
		1847
		57115
		79608
		6846
		51430
		65082
		220074
		10147
		65979
		5064
		80351
		116179
		54530
		79228
		79594
		29944
		25823
		5460
		821
		29952
		147872
		25983
		3050
		6752
		91445
		1727
		5333
		6620
		57194
		23299
		85285
		81611
		55576
		2593
		3196
		7046
		56886
		9258
		2038
		3799
		55166
		222166
		84645
		57826
		55075
		6603
		66004
		9643
		5252
		6869
		26994
		54516
		2161
		10059
		22890
		4624
		6725
		1506
		63934
		8578
		134266
		64319
		29766
		4687
		64318
		339834
		7536
		6430
		51301
		6919
		54820
		10625
		55500
		195827
		26589
		140801
		55582
		5988
		163126
		11277
		55148
		5830
		4085
		4172
		60401
		64395
		144448
		824
		6534
		7773
		50808
		83481
		83401
		399
		84634
		5427
		9975
		80830
		10197
		84226
		1457
		92345
		1352
		9236
		23471
		147179
		83479
		23517
		113510
		2764
		57827
		23344
		2797
		256536
		51086
		80207
		64420
		8639
		92106
		128869
		28512
		149563
		23461
		10846
		7016
		79075
		1840
		3772
		5886
		79685
		4494
		51337
		115209
		6159
		28972
		9107
		221079
		3535
		283989
		80301
		1198
		53938
		26689
		79677
		9721
		79019
		124790
		10741
		286753
		84270
		246330
		57817
		11065
		2527
		51190
		10156
		51728
		22873
		387787
		132160
		79576
		23660
		51005
		341277
		10325
		91754
		5648
		63920
		55855
		284996
		200576
		57669
		10280
		3385
		390649
		27153
		219869
		9553
		5317
		23546
		28992
		91768
		5321
		83990
		23368
		6195
		1960
		57192
		26009
		284257
		7884
		9839
		57758
		84984
		1384
		64708
		9158
		2327
		10778
		56929
		29855
		90379
		3053
		2177
		6338
		80072
		285955
		5909
		9182
		26063
		829
		9033
		55000
		55030
		9047
		79712
		64409
		487
		238
		3099
		27349
		51475
		87178
		51123
		22949
		54517
		200350
		7746
		83942
		60343
		57147
		27429
		4238
		23588
		4215
		23099
		57486
		4707
		199745
		631
		23394
		1616
		81698
		909
		9708
		79070
		55033
		7328
		4141
		5822
		9743
		23654
		50674
		356
		51184
		164
		91775
		2040
		10165
		8350
		51110
		8938
		51429
		9937
		29775
		30008
		389208
		23524
		7866
		23293
		340543
		256472
		4926
		56852
		2831
		55916
		5689
		220972
		2314
		23533
		9783
		218
		84343
		29916
		130814
		10274
		9100
		2767
		8388
		10254
		160
		29105
		23616
		1185
		84918
		22907
		163033
		81578
		23030
		3176
		50486
		220359
		337867
		164237
		30014
		10267
		57449
		55660
		26873
		84220
		5091
		51526
		6776
		3685
		8395
		51166
		5701
		54952
		9978
		92558
		80298
		1525
		89122
		166647
		84300
		25913
		11331
		54978
		6945
		11183
		30836
		80184
		155061
		56961
		84181
		11282
		54801
		9650
		55625
		79882
		26092
		79038
		2230
		5154
		90864
		57794
		26090
		27350
		9314
		8338
		66005
		285754
		9324
		2963
		84739
		22794
		7091
		6320
		53
		5905
		23369
		115294
		4255
		11196
		64651
		83699
		81566
		51286
		10638
		4124
		4985
		7771
		5557
		9857
		80755
		219487
		57343
		57152
		55103
		10208
		9767
		113791
		59348
		140
		340895
		22978
		10797
		4355
		8467
		57727
		10978
		92595
		10904
		128854
		90060
		6477
		230
		7044
		4878
		8721
		27436
		79980
		1967
		24140
		4642
		85464
		57088
		4126
		55592
		79659
		23158
		7050
		90589
		9589
		10349
		79897
		9046
		79912
		8663
		55904
		51550
		57661
		1280
		2017
		29915
		55604
		6607
		54514
		11200
		9863
		1495
		64747
		9390
		115416
		10613
		23645
		3236
		7371
		5395
		3751
		10
		57822
		4111
		10153
		79922
		173
		7280
		79992
		9734
		3625
		5580
		7461
		79802
		92797
		9270
		55889
		22830
		390
		387328
		9218
		27159
		8985
		7871
		84417
		358
		79848
		4338
		5366
		283349
		220
		5293
		4017
		10734
		51545
		149373
		8924
		65005
		4913
		3684
		256356
		116443
		2020
		78994
		6386
		58500
		116511
		23191
		7353
		627
		116337
		327657
		9180
		353134
		3083
		26052
		3316
		11067
		8886
		29098
		637
		10556
		5147
		10409
		79016
		2941
		9136
		64864
		9448
		80063
		535
		29104
		57731
		2260
		5529
		119016
		29903
		7508
		84335
		5585
		4897
		2974
		25945
		9338
		55802
		8727
		84450
		51103
		22835
		26254
		10245
		7767
		79023
		7392
		3169
		1339
		56888
		8544
		4741
		9898
		64080
		4603
		80020
		868
		10538
		55614
		387851
		60678
		112464
		113263
		55152
		26040
		6018
		3249
		79622
		10936
		29083
		58986
		51606
		51001
		129685
		51650
		8940
		94104
		10892
		5151
		6692
		63899
		84809
		8527
		55769
		112597
		8479
		83856
		2315
		8623
		60506
		90592
		5754
		85329
		3857
		84519
		22849
		10175
		3714
		1382
		90231
		26278
		2098
		54802
		4994
		9111
		55069
		54726
		55740
		7531
		79007
		81554
		3703
		10313
		3636
		56339
		493869
		55512
		339500
		54498
		1603
		5833
		54543
		11250
		2175
		747
		10677
		5332
		439935
		59285
		23276
		9073
		54386
		9805
		54851
		4082
		6773
		284656
		11086
		6950
		7776
		93650
		55732
		2309
		7341
		55861
		83938
		50511
		10499
		10051
		84498
		5923
		5394
		9146
		6448
		4236
		5746
		10154
		10490
		22982
		2647
		84847
		10239
		1739
		10393
		231
		340252
		4583
		79923
		83734
		342898
		9398
		255725
		123099
		9735
		24148
		8204
		55074
		64077
		11024
		219873
		84073
		80135
		7584
		5116
		51287
		3661
		54879
		54407
		23360
		338872
		55745
		9202
		7556
		440163
		7818
		79680
		5828
		79609
		10926
		79004
		10227
		403
		57035
		80067
		78986
		4487
		4678
		2729
		84981
		8189
		9125
		3106
		7322
		2669
		3567
GSE12764	1493	57573
		8563
		284369
		100873954
		100505893
		6003
		641977
		56666
		149837
		57379
		101929660
		101927527
		4902
		486
		102723407
		4066
		2045
		57452
		100505989
		574036
		690
		102725315
		50616
		100506013
		3200
		25854
		338588
		8091
		2710
		257000
		8600
		100506513
		79865
		8369
		65122
		405754
		79611
		79917
		152404
		2302
		401097
		23225
		9705
		6010
		349075
		101927295
		10656
		26777
		613126
		101929341
		101559451
		710
		162515
		5165
		150590
		2099
		26821
		91369
		7299
		339874
		359
		124773
		378948
		729440
		345895
		10659
		10665
		1141
		93986
		64211
		4115
		1562
		3451
		154442
		4987
		8029
		2037
		146513
		283860
		131368
		158158
		10044
		171019
		50859
		8847
		151827
		54872
		101927152
		728215
		205717
		28231
		644316
		399693
		157739
		378950
		100506939
		131873
		161835
		8364
		55610
		90390
		8510
		26108
		101929518
		8745
		100126784
		57796
		283587
		101928877
		100287728
		100129792
		139538
		6506
		57559
		103344929
		23376
		1943
		3779
		100505875
		7439
		4621
		100128927
		5159
		613266
		653220
		6374
		728591
		4253
		9622
		100507203
		51284
		101926934
		100507634
		2571
		90268
		1179
		692159
		101928273
		23439
		114786
		336
		80781
		1301
		55776
		383
		168448
		3817
		8555
		26245
		56651
		79781
		167410
		126520
		92483
		92691
		3283
		145407
		100653057
		25812
		158880
		570
		3761
		51764
		79895
		414319
		146861
		8330
		114038
		727983
		6532
		100127974
		253559
		6777
		100533181
		23047
		729420
		100131825
		2706
		100506999
		252983
		100133121
		6529
		23281
		220388
		2846
		101928999
		4208
		101928607
		926
		65125
		374739
		152195
		102725022
		84034
		9627
		101927123
		685
		5607
		100506915
		84690
		23569
		55547
		219790
		192668
		94086
		643338
		100616668
		257240
		163933
		406928
		3565
		27286
		121504
		7484
		3354
		6641
		168544
		101060181
		101927088
		79968
		57545
		8825
		2115
		6512
		102723757
		80757
		1809
		2559
		4796
		100885798
		1400
		7273
		59340
		51341
		1154
		4499
		11001
		57579
		100287227
		51101
		100128124
		100505741
		23333
		163051
		26247
		100862679
		55619
		10143
		26191
		3361
		286114
		9162
		84433
		1088
		101928278
		63923
		57482
		9704
		8363
		387601
		2813
		2517
		27255
		121643
		442028
		56311
		135458
		389206
		2288
		26082
		11338
		116412
		113540
		6498
		193629
		8707
		497258
		101928668
		6334
		79847
		9481
		26958
		29121
		399967
		10100
		2262
		10426
		2912
		55794
		1565
		23236
		378951
		8359
		100506446
		64789
		100130609
		139411
		101927552
		100526794
		41
		23195
		653483
		23040
		10136
		285501
		101927310
		90668
		29986
		127294
		246175
		2786
		220082
		84101
		9526
		283209
		56163
		4598
		114984
		22797
		81603
		146279
		6241
		285224
		163071
		1300
		100130449
		27324
		101930322
		6323
		9871
		219578
		100507384
		814
		55079
		101928551
		127602
		729121
		399879
		54737
		283143
		140873
		64881
		84673
		27283
		9103
		4016
		100507290
		90102
		7456
		8351
		258
		123264
		10098
		55466
		202374
		81492
		254272
		3043
		4939
		100129098
		55894
		6364
		84740
		55628
		101927667
		340094
		10003
		248
		54922
		898
		100506627
		2516
		406948
		80255
		3595
		6553
		158035
		571
		11213
		4153
		101927095
		101928537
		3232
		84826
		84159
		101929073
		692215
		43
		140876
		5367
		162494
		1356
		5208
		729680
		342926
		64641
		8362
		162681
		728485
		6300
		1144
		2205
		2213
		2528
		6543
		101929645
		400206
		619427
		633
		54913
		6401
		51311
		161931
		255926
		266722
		5069
		23162
		151871
		55816
		84900
		266697
		101928739
		285973
		25862
		257194
		84210
		282706
		147670
		84140
		65220
		125972
		286527
		717
		92129
		6373
		51655
		7018
		946
		387486
		440416
		8817
		57453
		5157
		26664
		8838
		57631
		285740
		8399
		57644
		149428
		8786
		151306
		5562
		3568
		147172
		64800
		57419
		3756
		223082
		653677
		8643
		50943
		1378
		101930476
		653581
		121260
		8354
		100859921
		256309
		284071
		171389
		101928841
		64895
		54106
		9365
		401124
		84789
		114757
		317702
		2139
		101929607
		55460
		5478
		81615
		10678
		9568
		4108
		643332
		100852406
		376267
		22843
		1564
		406971
		100192378
		11274
		283461
		1191
		101926951
		26272
		388581
		5697
		400169
		283070
		23378
		3039
		6495
		100509814
		7471
		100131053
		29881
		91181
		11075
		2346
		2555
		30844
		113746
		1812
		102724587
		1769
		101928857
		100379661
		85477
		386597
		56605
		440993
		441425
		7941
		5451
		54714
		55509
		83998
		7915
		93463
		23135
		101927814
		54777
		157556
		283129
		147685
		3382
		2895
		8516
		100128727
		85478
		145258
		805
		9478
		8499
		219736
		100507494
		92973
		83473
		2160
		8361
		23671
		10777
		116441
		3276
		339416
		3697
		341032
		6953
		101926963
		64843
		101928553
		2957
		102724511
		3429
		3073
		22844
		720
		284439
		4107
		728882
		23136
		100506851
		374393
		101928290
		93654
		54331
		203238
		2584
		100873949
		101927526
		54097
		54058
		342184
		57560
		401387
		645524
		285326
		5449
		55757
		64711
		221301
		9874
		56203
		284729
		79140
		3689
		23007
		56956
		11082
		5024
		55680
		388815
		26047
		10060
		8914
		256764
		257062
		7576
		284359
		26468
		11151
		114801
		4155
		5068
		29974
		84915
		29940
		5015
		57282
		3662
		387640
		53942
		5465
		2494
		204219
		84700
		145282
		100689073
		2880
		5360
		221981
		341019
		101929284
		6546
		3040
		429
		147429
		258010
		84504
		55081
		100507399
		9026
		9745
		1080
		23205
		132625
		9120
		51564
		140767
		154661
		1416
		55286
		6861
		8780
		255631
		100996549
		146822
		55329
		7287
		127540
		7626
		101926960
		26492
		26251
		5178
		340554
		643763
		121278
		51333
		114044
		6343
		283432
		5728
		2323
		101927465
		2852
		100287814
		140803
		253152
		101060236
		84894
		127343
		164832
		1750
		9915
		54207
		114795
		23024
		91409
		3209
		4884
		100505687
		56033
		721
		554313
		100506082
		102724368
		8552
		728695
		730051
		10406
		283897
		54544
		5452
		150350
		1444
		23129
		6819
		401021
		134
		2151
		157503
		1761
		27240
		119369
		100996590
		119467
		127
		100631378
		9666
		10408
		101929504
		23566
		9796
		400765
		375567
		5345
		90557
		80129
		132954
		81623
		9760
		29125
		285
		767811
		283514
		220077
		100131213
		79740
		84539
		140881
		84176
		285971
		59084
		9628
		91807
		55275
		8318
		85449
		4137
		114792
		11320
		121838
		5992
		56655
		101929741
		114794
		7216
		643085
		796
		51224
		5136
		50802
		51517
		80862
		346157
		26740
		1161
		5940
		6563
		1380
		1442
		101927320
		100506844
		114827
		729178
		285194
		440387
		259294
		100423041
		348180
		27012
		149351
		6125
		389023
		51384
		55711
		140690
		56896
		246705
		10371
		203076
		84258
		100689074
		401233
		7879
		646802
		7475
		2321
		3082
		164380
		1579
		2833
		130574
		440346
		100293534
		23090
		340184
		89766
		166863
		53834
		3233
		101669762
		159163
		148870
		254100
		646023
		3479
		731223
		8997
		8340
		5100
		170850
		643406
		136991
		361
		256364
		5558
		8630
		51555
		157753
		168507
		27134
		140834
		100996481
		3062
		641654
		127707
		554
		126306
		7373
		101929572
		83697
		284669
		100128325
		7321
		63978
		6580
		149647
		9732
		7069
		83451
		25776
		91050
		116519
		79582
		51191
		4842
		220202
		117153
		79009
		100507462
		574456
		6363
		79469
		101926913
		4072
		3119
		26211
		26541
		4900
		284
		390035
		55384
		808
		129080
		101928012
		1291
		4250
		8368
		102724312
		55237
		401134
		117
		157570
		9466
		8658
		100507495
		2922
		115650
		23705
		290
		8294
		2560
		5764
		554207
		57582
		285441
		2048
		3174
		101929036
		491
		442920
		597
		9844
		84929
		3265
		3581
		1588
		25770
		90594
		56256
		65987
		4507
		101927734
		83698
		85460
		51281
		4605
		6456
		1821
		126433
		5741
		55013
		441027
		101930595
		50836
		284021
		282973
		1032
		152
		3855
		862
		51177
		727897
		9344
		309
		245973
		101927363
		283659
		23263
		389073
		6496
		57523
		137362
		149685
		1811
		3250
		6474
		23321
		53358
		10752
		339822
		100507520
		103352670
		64105
		101928781
		54661
		55083
		27254
		441666
		5563
		101928140
		220296
		8871
		65268
		254528
		163404
		646982
		8439
		1006
		340107
		956
		246312
		3204
		10730
		4935
		642426
		9920
		100506755
		4114
		5005
		10894
		131890
		729177
		100505878
		100129407
		55885
		64850
		30848
		7975
		100507178
		3046
		6549
		57101
		9570
		9516
		56521
		3240
		29992
		643549
		10395
		1004
		284402
		100128922
		401262
		7369
		554206
		9829
		2689
		5924
		101927494
		285593
		64901
		84688
		345611
		100996325
		100507537
		386757
		285370
		3546
		93034
		5800
		319103
		2828
		89857
		164045
		114905
		83447
		9204
		10982
		9854
		79682
		252884
		26782
		3358
		200132
		8573
		100131176
		2977
		8787
		57455
		142678
		283392
		29953
		2206
		23475
		3291
		29943
		5382
		201191
		643711
		9358
		400590
		83853
		222663
		23239
		3195
		219287
		885
		399947
		50507
		6515
		1066
		378825
		7477
		338069
		728747
		102725420
		100287765
		150696
		283480
		63970
		137392
		114548
		51393
		25925
		57628
		26136
		100874323
		266695
		80824
		101929167
		8367
		7903
		151242
		572558
		56123
		729234
		51806
		159296
		53918
		414325
		282775
		653583
		441151
		117247
		441058
		4585
		10328
		5455
		5577
		3752
		55363
		3972
		100506769
		59269
		5918
		4602
		8447
		9219
		3158
		246213
		253017
		221718
		7350
		23468
		730112
		79024
		388780
		9911
		100526833
		146795
		23464
		64735
		154664
		116442
		10737
		23189
		286177
		100131980
		7133
		79442
		129607
		3605
		26246
		83690
		89874
		56853
		100507431
		57565
		3113
		100288966
		54932
		3690
		101929657
		744
		51435
		84691
		91010
		90853
		932
		84103
		29761
		221336
		112885
		58528
		54626
		114898
		29113
		100508046
		100131117
		55289
		3013
		1149
		100128782
		84698
		338707
		83715
		101929040
		9051
		3034
		56604
		114132
		50861
		283484
		6247
		8366
		100616104
		100506649
		100652777
		92292
		3558
		9085
		5603
		11085
		10435
		9473
		65217
		101928317
		6511
		939
		91179
		58538
		9946
		378949
		27185
		11249
		801
		65121
		5680
		101929829
		728269
		124989
		8498
		140730
		240
		2209
		374860
		374887
		255082
		100874238
		55786
		6035
		1277
		25859
		22941
		57580
		10207
		3070
		440854
		100101118
		1996
		644997
		219931
		101927075
		91156
		100874375
		57038
		112609
		388228
		27074
		7980
		400831
		55345
		51704
		285175
		202299
		10321
		54780
		101928420
		389332
		8302
		84439
		225689
		56975
		123283
		3441
		9506
		2214
		57597
		645961
		253959
		387695
		55211
		169966
		347689
		284541
		9134
		101927934
		100169989
		57571
		100505851
		100509457
		81832
		201161
		60495
		1978
		55819
		101928460
		169792
		2026
		5272
		100131532
		116362
		400238
		64805
		139065
		6822
		613212
		4161
		126792
		401190
		79623
		799
		925
		100874068
		114804
		4917
		3037
		2070
		6843
		100379174
		8665
		219525
		101927358
		9590
		5269
		3795
		286059
		284112
		6564
		7275
		1573
		138009
		83416
		348
		993
		100652770
		388
		100996919
		5350
		53353
		5888
		5053
		199920
		101926942
		9451
		79104
		51561
		80162
		5031
		1232
		56301
		149773
		84553
		101928717
		414771
		10166
		26996
		5033
		765
		56999
		23210
		220965
		56899
		338339
		2187
		101927138
		81796
		3159
		101928846
		10859
		8511
		4689
		55064
		4922
		101928893
		643749
		23508
		4175
		101929078
		55502
		2832
		51735
		143501
		101928666
		1690
		100616452
		10462
		8840
		128876
		6932
		5244
		100506421
		266812
		54836
		6447
		85443
		139378
		54997
		2537
		388552
		348378
		89846
		57381
		26285
		843
		153478
		101927704
		6083
		100128191
		1326
		6402
		260434
		55354
		83887
		643201
		80307
		8365
		368
		26033
		26238
		441204
		54586
		93589
		359787
		137964
		100506465
		84911
		117289
		728613
		100532726
		4241
		10800
		5239
		159686
		390595
		94015
		10819
		1017
		6296
		5375
		340206
		27198
		100132304
		652995
		3293
		827
		266
		158809
		2892
		145873
		774
		284252
		121268
		645644
		146542
		80178
		57153
		2558
		55964
		56892
		171024
		339512
		101928833
		7545
		100126793
		653067
		100506125
		26231
		147138
		100132948
		7482
		29841
		221883
		140685
		551
		55775
		2823
		100130155
		3177
		7302
		100507461
		353500
		2252
		102546299
		3122
		692247
		441430
		54474
		6014
		100526761
		6916
		81872
		100874167
		639
		22865
		102724888
		2928
		85360
		115004
		2215
		53616
		10320
		158798
		3347
		53405
		1009
		133491
		8360
		25939
		8792
		3237
		120863
		101927547
		285382
		2488
		64757
GSE115406	1461	92196
		400128
		146894
		284001
		728
		100288432
		101927263
		101928716
		283693
		116535
		2994
		352999
		167465
		80099
		30849
		495
		3889
		101928429
		400794
		148824
		343637
		440503
		100289092
		200403
		84649
		10611
		129790
		23048
		2705
		8789
		100129583
		51751
		558
		638
		85371
		5554
		400581
		79132
		122258
		55365
		4676
		6709
		8913
		1991
		378832
		8711
		51338
		3552
		122651
		51213
		6274
		643827
		134265
		432
		5349
		389813
		442444
		140689
		401145
		55020
		101929373
		146059
		286133
		64446
		2250
		10578
		102465256
		55036
		23514
		6997
		22987
		256815
		400958
		63940
		3170
		5795
		5288
		101928314
		79849
		55784
		340481
		150538
		79645
		1843
		140875
		2626
		102724611
		3428
		1950
		11272
		5578
		1890
		203286
		554201
		132671
		1550
		202500
		399669
		100852408
		2533
		84569
		339298
		649
		8793
		338799
		6480
		140597
		4609
		776
		94120
		284576
		343990
		412
		22936
		285736
		29763
		101930593
		84696
		335
		22980
		10345
		29984
		100996579
		644165
		101926890
		841
		25984
		56477
		152206
		8708
		286144
		7146
		387707
		563
		102467079
		79716
		100652856
		5961
		7262
		101929384
		100996760
		10451
		8509
		55690
		101930373
		11184
		5150
		283953
		260436
		100631383
		711
		5724
		100506907
		55997
		56478
		3918
		400512
		100529240
		101929526
		5270
		339779
		2
		50939
		10811
		256158
		388533
		3048
		286370
		168455
		55843
		283471
		102725383
		2103
		57604
		26257
		22822
		100652911
		100132731
		6711
		11122
		4791
		9332
		171558
		4597
		6310
		101927416
		22798
		7073
		55080
		26148
		101927195
		94160
		54490
		5948
		23349
		57585
		7169
		28984
		100422212
		408
		160065
		7010
		55539
		730092
		5818
		101930286
		728577
		90634
		79925
		51778
		100505498
		4629
		5502
		8807
		642636
		135932
		192134
		100506388
		101928101
		101927498
		3439
		27163
		57569
		83729
		2212
		6694
		203062
		940
		5294
		131583
		4360
		100507143
		353514
		166824
		9127
		84059
		6863
		5874
		441024
		114299
		2191
		266621
		8322
		56833
		51471
		28996
		25937
		101930541
		6998
		58189
		89848
		101929586
		5275
		114879
		100526693
		161145
		170689
		9815
		100533178
		84986
		221476
		285800
		9848
		26140
		650
		2202
		100131434
		56979
		339044
		6539
		100874107
		6569
		2055
		50508
		1540
		3075
		128178
		129684
		100996246
		4892
		84002
		23317
		8074
		55334
		100507258
		5919
		161725
		26776
		389715
		9175
		3950
		40
		10457
		101928730
		22802
		100293211
		7401
		81894
		100506527
		83881
		114825
		90288
		102724165
		9532
		7048
		5581
		101927176
		642924
		102723809
		100996492
		101929552
		57526
		23096
		1839
		6282
		399668
		56112
		7307
		80233
		2887
		54758
		83992
		9612
		399806
		9058
		199713
		348751
		6493
		29948
		6470
		157855
		124925
		124220
		135892
		148
		9830
		101927196
		55966
		2703
		57496
		3576
		92482
		8061
		55890
		9209
		114817
		345
		283080
		28983
		5141
		10362
		23286
		6758
		25822
		7223
		168975
		5949
		23230
		79047
		285527
		83694
		134548
		9027
		401237
		100506406
		339122
		7399
		4050
		222487
		10093
		29015
		11148
		55796
		53831
		100133308
		94027
		143098
		55586
		114785
		101929210
		100093698
		22924
		643733
		2830
		150372
		3172
		7621
		100505659
		53345
		10960
		150094
		1608
		154075
		654429
		154872
		10127
		170690
		94122
		27319
		4438
		344752
		7180
		57010
		25923
		953
		762
		100616500
		55195
		11020
		653240
		3346
		205
		4345
		138429
		101927017
		55370
		100505641
		9788
		1825
		9963
		101060424
		100302640
		113146
		253805
		54897
		5871
		5322
		256130
		4626
		28966
		2243
		101928973
		4256
		378805
		7499
		116447
		147949
		79465
		5678
		201617
		4301
		196475
		54463
		51479
		80315
		9518
		574449
		151651
		7020
		23601
		3280
		101929557
		24141
		728039
		286234
		100506377
		100287877
		23308
		8549
		4990
		8673
		55350
		6518
		3976
		137075
		285389
		439916
		11105
		26121
		56172
		729515
		55504
		100289255
		100132341
		23184
		858
		205147
		55891
		645188
		64122
		116985
		162394
		101927411
		100130460
		100381270
		9340
		29991
		79786
		55314
		138307
		440149
		2255
		83844
		400680
		79774
		733
		11096
		151887
		51272
		266553
		3263
		23367
		100507584
		123970
		54810
		221409
		115703
		125
		714
		221191
		6504
		338667
		8935
		2185
		83741
		823
		101928231
		771
		101930566
		167838
		400946
		1456
		1551
		10699
		2904
		89886
		282679
		3718
		2475
		7148
		729993
		54741
		101927112
		23352
		51291
		388685
		57408
		441733
		57410
		23231
		654
		100885775
		51409
		254173
		7638
		23075
		100505536
		38
		653140
		5669
		123722
		1659
		767
		116071
		6002
		64167
		285313
		948
		642236
		79822
		54898
		79750
		10089
		26524
		2204
		783
		4684
		50838
		101929248
		221458
		8418
		28234
		145447
		79879
		3931
		653786
		100129112
		4838
		6672
		27092
		7051
		84435
		100506380
		9369
		101928837
		375759
		29119
		2519
		100505681
		8553
		101928418
		5170
		100996570
		157697
		4760
		101927592
		2591
		1103
		5371
		4868
		158314
		101929728
		284798
		64097
		94030
		101929529
		147276
		677
		255762
		101929459
		27177
		337876
		83597
		79092
		388946
		651
		4660
		406988
		64131
		3758
		57084
		101929623
		9843
		283463
		101928583
		388796
		2357
		647589
		2633
		5570
		54101
		2184
		81693
		100131496
		84765
		56063
		79730
		89801
		29993
		285220
		101928767
		56062
		57674
		7789
		3578
		155465
		4049
		51226
		94241
		1392
		51477
		8837
		732
		11010
		51330
		401176
		2057
		254158
		114800
		2563
		23140
		11095
		57172
		54768
		51256
		80174
		406934
		101927096
		55764
		154754
		7103
		286343
		101927876
		3375
		5962
		101928173
		3778
		7703
		3242
		51204
		389834
		9719
		54508
		57835
		5906
		1010
		51684
		55655
		8714
		150159
		100133920
		286128
		100861540
		51594
		100507477
		989
		6533
		1137
		10214
		653390
		79778
		126549
		728175
		283876
		158586
		8693
		3899
		4616
		5017
		267012
		126248
		285708
		132014
		84561
		55761
		2662
		9001
		10202
		57700
		400940
		55283
		158830
		339665
		54852
		644150
		101928663
		3906
		152831
		9633
		8646
		200197
		728805
		101928797
		85302
		4018
		266917
		834
		80309
		84559
		10570
		389084
		8671
		84532
		5930
		10058
		5251
		101927865
		101929464
		8796
		6444
		2676
		10225
		100131227
		280658
		22891
		64092
		81543
		7481
		149628
		102724352
		23097
		3036
		56413
		219285
		2168
		8325
		4036
		1522
		55267
		84878
		23025
		4604
		145957
		102725426
		29989
		3004
		301
		101929730
		9290
		160313
		401634
		4059
		10246
		116496
		366
		80230
		7052
		3743
		6123
		388125
		6770
		8463
		286068
		26495
		101927137
		84720
		4772
		5522
		26059
		219990
		4887
		7113
		3047
		374955
		285671
		729291
		323
		100128079
		440352
		7166
		157922
		660
		388699
		150160
		23200
		149076
		100287366
		477
		4880
		55084
		101926907
		132720
		64816
		3914
		100287221
		2650
		155
		100652930
		257
		85003
		414926
		7026
		3812
		2847
		26074
		26783
		130951
		339005
		255738
		440465
		126364
		2670
		23328
		101927313
		100507261
		9744
		85358
		114043
		344454
		375449
		11098
		8437
		284427
		101928198
		128822
		3292
		102682016
		654433
		5676
		5144
		79929
		85368
		114881
		100505853
		160824
		3183
		100131170
		646014
		219539
		147906
		11228
		201163
		79861
		89795
		3932
		1730
		100507855
		644815
		375616
		91227
		11156
		646113
		102723697
		51237
		5241
		100129449
		196740
		114904
		4151
		5125
		9899
		7094
		8844
		100507062
		126638
		7782
		53832
		100506119
		26585
		440253
		1493
		101927058
		100132815
		143425
		5799
		57520
		151056
		6886
		150000
		7572
		1805
		27300
		340581
		93349
		7577
		388588
		100505967
		7754
		6203
		10312
		129804
		2920
		647024
		400941
		57185
		64581
		2867
		57217
		4495
		3953
		4867
		55303
		5744
		221472
		26051
		100642175
		846
		55243
		3484
		339976
		7940
		1303
		1654
		5950
		7432
		63982
		4026
		7141
		140453
		649446
		8717
		2890
		54829
		8878
		51581
		25825
		3624
		400500
		51412
		145858
		976
		126147
		343641
		488
		54877
		6701
		4071
		646241
		149465
		100506142
		56834
		5334
		101927660
		10905
		140880
		154215
		642696
		101927121
		2113
		26262
		55320
		85301
		10351
		374286
		29124
		51426
		94
		101929148
		4818
		100534599
		23081
		117579
		54830
		100128046
		53919
		286077
		7881
		93663
		55220
		9214
		339751
		2651
		7476
		80164
		9942
		317705
		4907
		221178
		6285
		64240
		50489
		11194
		23357
		4771
		140850
		260429
		55737
		6833
		51738
		100129271
		100533464
		191585
		441168
		54933
		64699
		100505812
		54766
		56897
		100506497
		101927944
		101928851
		79785
		91074
		7761
		79838
		8987
		7356
		283692
		133396
		140687
		2649
		54502
		4254
		1979
		100505894
		1609
		55022
		944
		79891
		1780
		7955
		5304
		255231
		89796
		100287569
		164633
		1286
		100506084
		54862
		2638
		355
		155054
		256223
		100507254
		101927396
		137868
		26010
		285627
		23329
		26219
		5328
		30000
		115584
		7011
		1571
		7421
		8115
		375196
		388948
		50856
		400768
		8531
		163486
		1906
		54840
		3452
		445815
		196951
		1593
		102800447
		785
		58530
		9465
		53836
		92241
		284561
		8739
		90199
		199692
		118490
		7343
		51716
		374470
		8942
		6093
		10017
		2335
		161502
		100506271
		80725
		228
		100528032
		286382
		155006
		1082
		54361
		3081
		101928361
		58531
		57538
		133558
		3557
		102723954
		1262
		126526
		54346
		1544
		5583
		283887
		4951
		54453
		51289
		64714
		8556
		7803
		23092
		79937
		100128198
		23037
		1364
		23113
		83598
		84747
		9154
		7127
		101929865
		256949
		101927761
		7177
		1381
		126868
		7920
		410
		8749
		1315
		54549
		2330
		199223
		405753
		10008
		100101467
		84675
		201633
		54765
		6736
		120224
		389362
		100288805
		5340
		100616234
		92092
		10893
		10475
		388714
		338809
		101805491
		155435
		6710
		28514
		4286
		205860
		91319
		388692
		11278
		5370
		5646
		1327
		9865
		64806
		594855
		1559
		26223
		257358
		4688
		57556
		182
		7380
		54521
		9674
		11329
		3769
		55061
		6482
		8718
		25849
		60676
		135228
		101060747
		250
		222008
		5046
		84441
		832
		23053
		5519
		57732
		100499227
		23275
		101927668
		8829
		10050
		2834
		51334
		3425
		5915
		5376
		50940
		79139
		340075
		10747
		1848
		101928399
		11217
		80854
		146802
		222171
		4069
		26538
		23509
		8988
		54103
		51208
		9331
		2635
		10807
		2353
		55511
		10281
		84898
		100996280
		6096
		94137
		667
		100506681
		57242
		6876
		83475
		130540
		7035
		8748
		100996307
		158427
		100270679
		115350
		100293704
		100216546
		201625
		84858
		100507616
		201799
		6582
		51559
		101927768
		100190938
		101928651
		100130370
		100534593
		148103
		79669
		80726
		5445
		100290481
		2709
		285423
		101669764
		53947
		221438
		84687
		151742
		80152
		945
		400710
		100130175
		7827
		131578
		144453
		440200
		90865
		4112
		101928571
		25837
		101927406
		101927338
		3811
		377677
		6483
		5947
		94115
		9414
		933
		85416
		102466877
		284297
		284912
		1842
		59271
		10984
		752
		3045
		388531
		3964
		349408
		58509
		100505902
		3886
		5729
		160365
		1395
		266675
		57092
		1365
		55553
		100996342
		10726
		1807
		152816
		154386
		145226
		101927650
		150596
		80108
		7099
		100874014
		65123
		91574
		200316
		2208
		101930149
		221749
		25981
		728194
		81671
		84680
		102465871
		167359
		10850
		3801
		646282
		147463
		251
		4986
		100652768
		150147
		27445
		64232
		11181
		100507054
		79875
		2257
		283197
		84560
		5348
		22996
		201294
		346389
		1452
		2637
		101928076
		6524
		56934
		9645
		245
		8795
		5083
		26248
		11145
		1045
		407040
		492
		101928276
		208
		9706
		51761
		10683
		101927870
		5054
		93659
		9356
		283927
		100528030
		401494
		57501
		101928728
		160851
		401014
		1057
		84883
		101929027
		786
		5396
		222967
		64114
		100506680
		283160
		1742
		100506319
		283551
		58484
		101930243
		160762
		101927794
		5098
		57511
		54413
		22914
		23380
		102466889
		136227
		2268
		192111
		955
		190
		400548
		79983
		339894
		3753
		164781
		100506070
		5076
		400952
		10861
		55057
		10446
		172
		9690
		164284
		5893
		100507398
		79812
		144811
		81793
		1794
		100505664
		2700
		102723542
		80005
		101927059
		84850
		259215
		55231
		3164
