Names	total	elements
GSE40349 GSE46806 GSE55942	1	2202
GSE40349 GSE46806	15	8321
		9077
		4664
		3070
		7220
		771
		8706
		22998
		221037
		10580
		5744
		220
		54898
		2012
		1809
GSE40349 GSE55942	30	8370
		8362
		9890
		961
		6317
		9635
		4023
		8366
		727
		64135
		8364
		8368
		2824
		8294
		6354
		8361
		121504
		4065
		10561
		9936
		8363
		100526664
		1004
		8365
		8359
		4148
		6355
		554313
		8367
		8360
GSE115406 GSE40349	11	92092
		57569
		55320
		10351
		9315
		93649
		5137
		84002
		54502
		285382
		53831
GSE46806 GSE55942	24	51309
		5806
		100033416
		101930404
		100033820
		8549
		894
		84168
		7980
		100033450
		290
		81553
		6638
		347746
		100033444
		100033433
		728392
		23331
		5334
		3653
		91380
		6645
		23208
		100033802
GSE115406 GSE46806	8	23037
		7052
		56099
		6492
		28984
		27445
		960
		56112
GSE115406 GSE55942	26	10960
		2330
		8013
		3500
		3170
		54463
		9086
		4589
		1188
		1805
		64067
		4112
		5818
		27328
		28396
		58189
		28442
		3507
		83259
		4915
		3688
		3493
		2638
		5396
		1571
		7223
GSE40349	443	65986
		4628
		898
		26053
		1031
		29089
		406948
		1363
		151230
		120892
		56992
		11169
		101927988
		5577
		4171
		23589
		25936
		79805
		55916
		63967
		57007
		11213
		54930
		5174
		5918
		7398
		157638
		58494
		834
		5473
		100528017
		6616
		84935
		57544
		23468
		1396
		728833
		729533
		5251
		4001
		2237
		80071
		399474
		10052
		3627
		27295
		64946
		4820
		79621
		2146
		1440
		3696
		83666
		5359
		3676
		55086
		51661
		117177
		84085
		874
		129607
		116496
		2752
		55215
		4173
		51435
		10635
		990
		55193
		3908
		142940
		195828
		8880
		58528
		6383
		2192
		55107
		256714
		114898
		145173
		80204
		283208
		100506797
		84140
		85415
		9615
		286527
		122773
		2820
		10733
		148534
		330
		55089
		54941
		121441
		6373
		5933
		2321
		5892
		55388
		54962
		64388
		101927279
		6502
		283484
		2200
		9536
		283464
		54332
		137075
		158158
		55601
		5982
		5557
		3087
		7298
		84250
		5994
		1116
		554282
		3178
		4973
		6240
		84708
		8847
		255403
		11168
		223082
		4436
		132430
		5558
		8630
		91607
		130271
		10797
		57161
		92154
		4147
		81563
		100996481
		2557
		84278
		3418
		890
		64858
		10535
		9994
		26108
		3710
		27115
		286144
		3669
		7552
		79980
		253782
		2139
		256691
		57088
		55635
		55082
		79962
		4176
		340277
		55159
		100616424
		29781
		2956
		30061
		6452
		29968
		283554
		54939
		3832
		5150
		51752
		7855
		116064
		64093
		79469
		83872
		5696
		23336
		25840
		25890
		84131
		101929336
		11274
		140890
		375248
		83879
		55723
		3433
		51176
		51668
		51704
		23350
		7412
		7292
		8436
		140707
		51496
		26272
		29091
		3187
		51514
		10791
		23066
		57134
		3643
		10631
		114880
		9134
		1301
		4998
		79870
		653820
		6289
		2289
		22824
		143888
		5764
		55183
		100874291
		2261
		4883
		54503
		222166
		55166
		79895
		102659353
		79718
		5985
		32
		1588
		8492
		131578
		94121
		580
		90865
		6429
		60489
		51196
		9590
		10592
		6119
		9768
		675
		2549
		2743
		4174
		993
		8208
		5357
		715
		327657
		93081
		83729
		716
		7756
		11013
		27346
		85444
		116028
		10278
		6941
		151188
		1138
		2182
		143684
		11052
		5197
		22875
		84553
		374393
		23224
		51203
		1618
		2189
		3108
		26298
		51659
		348654
		4172
		55521
		57157
		2841
		3613
		4214
		64762
		54492
		2187
		5427
		25960
		80830
		79968
		1129
		57545
		50810
		6382
		7503
		109
		8490
		4603
		7112
		7306
		6372
		64105
		672
		54443
		983
		4175
		26118
		117178
		51053
		255027
		139886
		8914
		1910
		79899
		1690
		3437
		374618
		91526
		90632
		23421
		79627
		5634
		2537
		58487
		51313
		6542
		100506558
		6326
		84188
		171586
		157773
		81620
		80010
		6509
		3161
		9308
		9111
		55536
		84314
		387921
		1806
		4288
		26084
		6546
		374
		9317
		1306
		241
		79056
		6653
		23554
		54682
		8336
		84542
		5422
		10640
		64407
		255631
		1017
		83990
		83594
		3434
		5984
		5983
		94239
		5698
		79682
		23015
		7776
		10468
		55732
		160897
		6414
		5019
		3184
		102466733
		3672
		171024
		6470
		55755
		8638
		349152
		3033
		55972
		51444
		54892
		169611
		10206
		9194
		6241
		1909
		100127983
		201973
		814
		26227
		9735
		4045
		55728
		100526832
		79022
		57405
		3600
		23230
		144811
		6288
		84189
		3776
		10006
		51703
		90102
		8989
		115004
		64116
		440270
		79739
		25788
		27178
		54621
		54875
		57695
		166968
		29015
		26271
		56890
		2618
		8317
		121006
		9837
		4678
		101930583
		10714
		6674
		92610
		100861412
		29028
		57819
		80310
		101928274
GSE46806	452	64866
		9712
		57406
		4054
		79684
		4249
		6787
		22836
		79026
		22876
		3706
		27250
		25758
		3655
		2290
		1123
		966
		144699
		9961
		3092
		5873
		3667
		730101
		79789
		574412
		23348
		23048
		89927
		90355
		10402
		3241
		7769
		2118
		11343
		22891
		4211
		79686
		8767
		23097
		50486
		3912
		55798
		8091
		5324
		875
		136
		2047
		8726
		9873
		100302239
		27077
		8301
		23548
		22841
		27122
		2745
		23505
		57608
		2034
		5606
		1390
		5621
		6196
		27067
		7422
		113146
		5646
		65998
		80206
		646
		26289
		50717
		157922
		6934
		9397
		100532731
		56105
		1305
		28966
		23613
		5654
		10217
		10579
		374354
		6744
		5734
		56925
		3730
		55191
		51665
		549
		54863
		1508
		27161
		10844
		2644
		8848
		9603
		3280
		6320
		79366
		5329
		23365
		25966
		7857
		2281
		5569
		3481
		11046
		7329
		5327
		23175
		23080
		114327
		93129
		23328
		79663
		648
		23395
		54839
		3777
		23657
		79365
		202
		8460
		375449
		9655
		5095
		23108
		8642
		4781
		55361
		56106
		11165
		2791
		1848
		56100
		9732
		23314
		64208
		56098
		10234
		79582
		4204
		7262
		54629
		928
		100527963
		4852
		9331
		217
		2564
		5829
		10422
		116372
		126231
		472
		6840
		79991
		5813
		4081
		79738
		149111
		55297
		6935
		7035
		397
		57212
		56111
		8992
		284
		54780
		2119
		1847
		6696
		2004
		11163
		26872
		56109
		100049076
		357
		10140
		60312
		23312
		54585
		5080
		9050
		58504
		65244
		22822
		8658
		56102
		118987
		84869
		3226
		55450
		2123
		6001
		115939
		19
		2026
		28951
		400451
		284266
		9181
		115123
		7461
		7040
		56938
		23268
		27032
		597
		23264
		79720
		1955
		3265
		26025
		11116
		3606
		8867
		6781
		4212
		8905
		203069
		79733
		407009
		9748
		6662
		1293
		4000
		10019
		2324
		55056
		10630
		2201
		7813
		56271
		6919
		100996792
		9824
		200734
		4862
		11226
		8835
		3975
		8601
		1389
		595
		23381
		80254
		9143
		64065
		25920
		113
		579
		9448
		286109
		3911
		55689
		1002
		51141
		259230
		51319
		9404
		26273
		56097
		25945
		56104
		2313
		254102
		4646
		51347
		7738
		10326
		56103
		8339
		5307
		2273
		3159
		6474
		10391
		1355
		23321
		51299
		9919
		55799
		56113
		2115
		8612
		80757
		10184
		57707
		56683
		1746
		55190
		23764
		25907
		4300
		102466223
		79145
		26040
		8771
		131408
		664
		9728
		4907
		7090
		3423
		94134
		4053
		4311
		23333
		79829
		11237
		3553
		8406
		10049
		3551
		9562
		79685
		4155
		632
		9446
		3673
		81855
		2184
		5824
		8795
		10457
		56654
		10622
		3840
		56906
		100507213
		2625
		11145
		6574
		9435
		6399
		4013
		3920
		145389
		80228
		90411
		100616113
		100533107
		2531
		55722
		3097
		63920
		5128
		55081
		1958
		4594
		8970
		11243
		7048
		3223
		10643
		2122
		51320
		54498
		200576
		55274
		54704
		83468
		4217
		723961
		3659
		538
		5507
		57172
		9673
		5495
		5328
		80019
		8452
		79176
		2585
		7421
		64123
		5098
		10123
		8604
		26575
		896
		6422
		50863
		10253
		10924
		4851
		10276
		8641
		102725271
		1051
		9015
		56107
		56108
		4052
		56101
		29953
		6767
		10884
		10385
		8504
		1808
		6717
		22889
		3910
		161176
		4192
		8061
		56114
		55890
		100996668
		23239
		474170
		3783
		6515
		28952
		79029
		1956
		26035
		11039
		26012
		3099
		7571
		9945
		54477
		9656
		653188
		23243
		51393
		7291
		9711
		56110
		1846
		2294
		5723
		23043
		28986
		30
		9708
		22858
		79083
		30845
		6387
		54453
		138151
		7322
		9581
		79673
GSE55942	419	100533990
		8350
		8938
		642559
		1109
		8743
		23410
		5167
		1810
		138046
		153
		7204
		286749
		30849
		5146
		10129
		2843
		79679
		253175
		102725136
		7045
		1859
		486
		22915
		53829
		10220
		43
		6444
		586
		246
		999
		90011
		64092
		438
		7225
		23383
		100529211
		79095
		2798
		56918
		8600
		7142
		201895
		8284
		9659
		2940
		25775
		11136
		100129973
		7093
		2220
		100996809
		203611
		5506
		51338
		9122
		11317
		8358
		5671
		1993
		50802
		3690
		55260
		653513
		1268
		744
		51311
		860
		9515
		1776
		23162
		79839
		3700
		8968
		1944
		28755
		2695
		57048
		65220
		4916
		388699
		22898
		2905
		6568
		100532742
		101060835
		7879
		5678
		91120
		4326
		7054
		1579
		7018
		8356
		9729
		4115
		11027
		5079
		1617
		3773
		7091
		54112
		1397
		6663
		51378
		54212
		2304
		6006
		79973
		5414
		3868
		4617
		6194
		4070
		23743
		23275
		2295
		57644
		9085
		3903
		8756
		320
		140597
		361
		5592
		59348
		25893
		27123
		27134
		101929792
		8354
		1634
		9595
		4287
		85453
		3547
		6035
		3456
		3579
		2121
		7568
		6999
		4842
		10876
		2911
		4091
		54674
		2277
		26032
		7078
		2263
		4062
		3712
		4622
		57038
		54810
		125
		667
		1833
		3119
		7439
		5241
		5159
		8352
		4978
		3127
		5504
		57054
		5697
		186
		100862697
		55714
		1052
		5617
		344
		10896
		347733
		2555
		6658
		25759
		3651
		55387
		28387
		2697
		6677
		100509457
		64838
		55080
		2560
		4632
		6756
		3674
		3123
		56143
		55338
		59
		10765
		3117
		81027
		1896
		9757
		95681
		85352
		7092
		100533181
		5099
		2173
		101930416
		90634
		51778
		4093
		9420
		92973
		27004
		50937
		1654
		4969
		4982
		3487
		79841
		8908
		2020
		8355
		6439
		6262
		4988
		653
		3931
		367
		4248
		5607
		5313
		50836
		100616497
		80114
		84059
		2899
		4901
		4071
		4015
		5988
		862
		7021
		653145
		8928
		28517
		4317
		728113
		10474
		4747
		643376
		3125
		1365
		1807
		644
		6424
		213
		5371
		10881
		6362
		3231
		3617
		5449
		57191
		8120
		81606
		100533178
		5145
		28738
		80020
		4689
		4593
		441666
		346
		1295
		10060
		5733
		23759
		353189
		8633
		2100
		29760
		79940
		50508
		10142
		5071
		920
		10730
		23543
		4114
		4888
		8926
		1804
		3593
		9148
		23114
		282997
		11283
		445347
		6690
		8038
		8357
		4648
		7849
		6581
		3514
		3400
		100529855
		56311
		368
		316
		245812
		221395
		8513
		57055
		6405
		6318
		3055
		2689
		11036
		3071
		429
		8707
		80000
		23111
		11178
		6007
		8794
		1281
		8837
		55512
		23205
		6906
		100996724
		9699
		8348
		2057
		56142
		51438
		79990
		3488
		3991
		100996761
		28663
		6785
		28831
		5156
		9073
		11009
		1953
		827
		3128
		23431
		7805
		7799
		28959
		23040
		148753
		7472
		8653
		7783
		81494
		8353
		2558
		23185
		7008
		114884
		9142
		9426
		23405
		5746
		8548
		6453
		80072
		101930322
		7079
		3195
		228
		414918
		223117
		8911
		6014
		9499
		29774
		55304
		114548
		6586
		23341
		4246
		7474
		1187
		730051
		1620
		1444
		7456
		4308
		6927
		3126
		8351
		1828
		53405
		6819
		6695
		64084
		4352
		141
		5996
		9472
		4939
		348035
		3290
		23617
		7066
		2104
		57135
		27098
		5608
		146
		356
GSE115406	455	7803
		127
		22924
		643733
		100128139
		7652
		56243
		6459
		150372
		23113
		4340
		100506195
		861
		152831
		84747
		8646
		266917
		4319
		80309
		10864
		84559
		148824
		10570
		100289092
		154872
		1381
		170690
		27181
		126868
		410
		10225
		7180
		149628
		56253
		100129583
		100506542
		558
		100505797
		3036
		219285
		3707
		8325
		4036
		100616500
		5554
		54765
		400581
		84878
		389362
		51491
		102725426
		253039
		100506834
		9260
		2078
		3004
		8913
		1991
		388714
		338809
		138429
		93426
		401634
		118932
		4059
		10246
		55370
		6710
		28514
		4286
		205860
		286068
		55001
		134492
		388692
		497189
		57524
		5349
		5069
		257177
		1327
		729291
		140689
		401145
		5322
		9068
		728264
		282706
		2243
		146059
		1288
		594855
		101928973
		1559
		2250
		150160
		359
		182
		116447
		477
		146771
		400958
		387923
		101060004
		201617
		4301
		11329
		43849
		23345
		196475
		101928314
		2774
		55784
		9518
		340481
		135228
		250
		222008
		100287221
		100288123
		348645
		100287877
		7026
		11272
		55350
		150709
		6518
		347735
		554201
		440465
		57805
		202500
		399669
		100852408
		149428
		2533
		886
		10050
		338799
		56172
		23184
		4609
		344454
		776
		5915
		85009
		205147
		4524
		55891
		29763
		4478
		100130460
		654433
		9914
		100505530
		100996579
		101926890
		5144
		114881
		25984
		2628
		11081
		11217
		80854
		100506047
		8001
		6251
		387707
		3442
		112398
		54103
		101929384
		10807
		55511
		11096
		9096
		283953
		266553
		100631383
		1791
		100996307
		114904
		10418
		4151
		100529240
		55384
		5270
		339779
		140947
		400946
		10811
		7782
		100293704
		53832
		100216546
		100506119
		1493
		84858
		101928269
		168455
		205428
		102725383
		2103
		89886
		5799
		337970
		101927768
		151056
		6707
		8651
		6711
		4791
		388588
		148103
		54741
		150527
		390963
		101927416
		7754
		22798
		4798
		30012
		84072
		100130458
		2920
		100885775
		647024
		57185
		84674
		51409
		23186
		3953
		51326
		7638
		114038
		408
		160065
		55303
		221472
		100506403
		116840
		23604
		55876
		1768
		101927338
		9200
		2161
		339976
		100507098
		126969
		5950
		100133121
		79822
		79750
		9381
		5947
		4329
		101927498
		933
		783
		80326
		101928554
		4684
		50838
		102466877
		3624
		340178
		28234
		51412
		284912
		2212
		6694
		7222
		3937
		10984
		65266
		6672
		9127
		752
		100506851
		114299
		646241
		149465
		100506142
		84435
		56833
		64799
		23335
		10814
		8553
		7042
		286
		246122
		101927699
		2775
		154386
		4818
		100534599
		23081
		117579
		53919
		286077
		317662
		3216
		339751
		158314
		91574
		23430
		54742
		124912
		25981
		728194
		83597
		102465871
		251
		1435
		6569
		6991
		404636
		3758
		140850
		260429
		9843
		100533464
		388796
		55334
		2357
		26776
		22996
		201294
		9175
		1452
		101927944
		56934
		9229
		79785
		55024
		319089
		5083
		100293211
		10141
		8987
		22999
		89801
		101928767
		492
		101928276
		3578
		58475
		3443
		155465
		9356
		100528030
		94241
		9745
		57705
		9532
		1780
		2819
		118788
		254158
		100506084
		101929552
		160851
		256223
		7348
		11095
		101927396
		1839
		9462
		284788
		7173
		55636
		26219
		222967
		283160
		81033
		101928710
		3716
		101927096
		102725116
		160762
		101927794
		2128
		338651
		348751
		7103
		50856
		116159
		5962
		389634
		163486
		3778
		124925
		102466889
		406937
		445815
		196264
		102724975
		955
		100132948
		58530
		190
		206338
		2703
		283600
		64582
		57496
		55057
		5075
		283080
		345
		28983
		286382
		9690
		5029
		5141
		100507477
		23286
		952
		2691
		5470
		2248
		6751
		100507398
		133558
		7757
		1794
		10148
		8693
		3557
		134548
		102723954
		9567
		1262
		102723542
		80005
		101928457
		101927059
		26188
		1544
		199990
		339122
		259215
		7399
		285708
		5583
		84561
		80217
		51442
		646743
		653583
		116986
		101927547
		57471
