Names	total	elements
GSE115406 GSE12059 GSE12764	1	112398
GSE12059 GSE12764	10	84305
		775
		83591
		6005
		26716
		25791
		427
		2693
		8970
		3434
GSE12059 GSE50911	19	438
		168433
		51307
		4005
		55756
		57190
		79742
		196483
		6322
		1234
		5460
		64319
		56986
		4015
		8174
		91768
		26009
		6950
		22949
GSE115406 GSE12059	6	122664
		9200
		23335
		286
		9462
		64582
GSE12764 GSE50911	11	65986
		2898
		64231
		2528
		6010
		440387
		1601
		1378
		3779
		597
		100130609
GSE115406 GSE12764	28	861
		27181
		170626
		118932
		10740
		9068
		57221
		4589
		285965
		6492
		101928269
		150527
		390963
		30012
		23186
		100506403
		57047
		7042
		64760
		646074
		389161
		29797
		9229
		27125
		285513
		29774
		7757
		646743
GSE115406 GSE50911	11	55107
		2250
		80854
		64067
		5788
		154386
		80108
		3688
		164781
		339122
		5618
GSE12059	464	10456
		1801
		10309
		7866
		4893
		57403
		79026
		56971
		51622
		220972
		23533
		9783
		219927
		80328
		26986
		84077
		55109
		10274
		9100
		390078
		10254
		83607
		10963
		8455
		25909
		51324
		23616
		84918
		400506
		245936
		1022
		81578
		39
		50486
		119749
		164237
		10075
		85364
		80218
		121273
		54934
		7142
		7965
		7593
		5475
		5091
		57460
		51526
		6776
		3685
		11332
		8153
		4173
		81850
		51166
		79874
		5034
		4674
		54952
		9978
		6628
		54916
		5675
		9149
		1803
		8462
		166647
		9223
		860
		11331
		92912
		30836
		7507
		81696
		3700
		8778
		55207
		9753
		10458
		10063
		3750
		168537
		8737
		79038
		5093
		55824
		7349
		2230
		55900
		9441
		55037
		55472
		147965
		27235
		8190
		94056
		4326
		7054
		65018
		57144
		2774
		54929
		10815
		278
		22794
		29890
		5905
		115294
		23576
		79628
		22990
		83755
		54960
		6434
		4985
		1421
		665
		23564
		90324
		6617
		55119
		9913
		6698
		7633
		55103
		4858
		7272
		84734
		206358
		353174
		4716
		51601
		22978
		2801
		50484
		5650
		79157
		5362
		29949
		10904
		54509
		26476
		120534
		4878
		10299
		27436
		3669
		79980
		1967
		85464
		4126
		10215
		5338
		5081
		119392
		57795
		200504
		158131
		8663
		57661
		84230
		9765
		3142
		55297
		7293
		55604
		7748
		3883
		54936
		84320
		25902
		5635
		80279
		6607
		54514
		10795
		8484
		9863
		845
		79608
		2569
		51430
		51085
		55704
		220074
		10591
		6329
		6658
		4084
		84987
		54566
		91445
		57194
		23299
		85285
		4111
		8874
		2021
		29044
		56886
		9258
		3799
		25959
		84674
		84645
		51652
		390
		23287
		9218
		22829
		7871
		358
		9254
		26206
		65056
		4338
		58533
		348158
		84221
		10592
		4017
		8089
		51545
		10059
		4624
		256356
		3008
		8578
		29766
		2046
		627
		10112
		7536
		7110
		116337
		353134
		9824
		5147
		8564
		26589
		10409
		54681
		2941
		51434
		140801
		55582
		140460
		252839
		9448
		80063
		163126
		55148
		84684
		57731
		5529
		8566
		6880
		29903
		4172
		60401
		7508
		4897
		824
		2974
		50808
		124599
		57657
		442867
		7355
		55239
		9283
		23450
		9817
		22835
		60386
		7767
		7392
		55196
		57191
		83479
		80020
		57326
		868
		7047
		672
		256536
		7644
		90441
		387851
		60678
		4669
		112464
		80207
		1746
		10585
		254910
		7596
		28512
		149563
		55783
		10936
		29083
		51575
		58986
		51606
		51001
		8940
		7016
		10892
		5151
		79075
		6692
		163049
		219670
		66002
		85395
		55769
		57018
		11062
		2760
		4494
		84148
		64184
		28972
		8623
		80301
		4318
		90649
		79677
		26330
		64768
		79019
		10741
		3018
		51143
		1892
		9111
		57097
		127124
		11065
		112483
		6150
		90
		51190
		4194
		377841
		3400
		3833
		22873
		283385
		79576
		23660
		2954
		55872
		5257
		26084
		10972
		91754
		90850
		23586
		3636
		56339
		493869
		54498
		4991
		8346
		28989
		747
		10677
		390649
		51614
		23546
		51540
		6195
		1602
		59285
		1960
		9073
		54386
		54851
		9698
		646257
		125058
		11086
		143379
		9839
		2128
		8502
		29086
		10598
		64708
		50511
		390436
		10499
		777
		1051
		9146
		128061
		5203
		4236
		5746
		2906
		9510
		84847
		10239
		10393
		7268
		169611
		340252
		80790
		9262
		7179
		51290
		80115
		170679
		79863
		284716
		5900
		51593
		5192
		84312
		29108
		11245
		64077
		6668
		115817
		140838
		51123
		152110
		54879
		200350
		54806
		54407
		2805
		7746
		83942
		23588
		3104
		23360
		2975
		23099
		57486
		1616
		79680
		5828
		79637
		64949
		64084
		29889
		403
		79070
		57035
		5865
		78986
		4678
		84981
		9125
		55738
		3106
		257144
		50674
		8433
		83940
		3567
GSE12764	450	127
		8563
		9666
		23566
		375567
		284369
		5455
		90557
		3595
		26338
		5577
		6553
		3972
		100505893
		571
		11213
		101927581
		132954
		641977
		101927095
		57379
		84826
		101929660
		113115
		4902
		54538
		253017
		4066
		57679
		57452
		162494
		3763
		84176
		162333
		57338
		1356
		102725315
		107
		55275
		8318
		100506013
		6300
		26586
		1144
		160419
		114792
		100506513
		116442
		11320
		10737
		64921
		121838
		114794
		401097
		83690
		51224
		100507431
		100288966
		50802
		9705
		1977
		80862
		346157
		30818
		1161
		6401
		1442
		100506844
		10656
		100291626
		29761
		84867
		101929341
		5069
		54626
		84900
		266697
		114898
		3211
		51384
		55711
		56896
		257194
		100128782
		10371
		7299
		124773
		27063
		401233
		6373
		2321
		9051
		29958
		10659
		100507605
		4056
		440416
		3451
		10016
		6247
		5157
		57118
		28823
		26664
		101927826
		9085
		170850
		653544
		50859
		11085
		652301
		3568
		147172
		6561
		3756
		91179
		5558
		8630
		51555
		157753
		130271
		27134
		22947
		57728
		399693
		100996481
		157739
		101930476
		100859921
		100506679
		7373
		441461
		240
		374860
		54106
		374887
		55610
		255082
		284424
		22941
		401124
		4058
		114757
		8745
		441056
		5478
		101928877
		100129792
		8832
		6506
		79727
		219931
		157777
		643332
		27074
		11274
		55345
		728591
		202299
		4900
		284
		390035
		283070
		8302
		186
		2688
		8706
		51284
		129080
		100507634
		2571
		123283
		27330
		7471
		101928273
		9506
		102724312
		401134
		57597
		645961
		253959
		2555
		113746
		114786
		102724587
		1769
		383
		100379661
		85477
		101927934
		167410
		83998
		5764
		101928460
		25812
		158880
		100130458
		54462
		116362
		285441
		93463
		64805
		6822
		102723449
		100288687
		23135
		54777
		3174
		147685
		79623
		114038
		727983
		100874068
		3265
		1588
		8516
		4917
		6777
		2070
		55867
		8499
		9478
		219736
		8665
		25770
		56256
		2706
		3537
		2160
		51666
		114335
		5269
		23281
		152002
		286059
		3276
		203111
		85460
		51281
		10117
		993
		653548
		167227
		6456
		1821
		22844
		5741
		5607
		9451
		84690
		51561
		55547
		1032
		84553
		3855
		414771
		54331
		93654
		163933
		26996
		5033
		203238
		2584
		309
		245973
		101926921
		28396
		54058
		342184
		168544
		6641
		57560
		2187
		401387
		213
		645524
		2244
		3159
		64753
		23321
		5449
		10859
		3909
		2115
		6512
		2035
		54661
		56956
		23430
		5024
		55502
		10060
		4499
		143501
		653545
		23609
		1690
		11001
		8840
		6932
		5244
		266812
		51101
		340107
		100505741
		54997
		2537
		55349
		100996843
		642426
		9920
		26583
		100862679
		11151
		26191
		64850
		6656
		153478
		29974
		84433
		1326
		29940
		101928278
		57482
		150726
		56521
		3514
		10395
		56311
		2880
		143686
		5360
		221981
		101929284
		113540
		6546
		6498
		2689
		193629
		497258
		285593
		100874309
		84504
		258010
		117289
		10750
		100507399
		55081
		6334
		9745
		100419743
		345611
		728613
		100507537
		26958
		23205
		118788
		23554
		93010
		4241
		10800
		3493
		3546
		100996549
		93034
		5375
		5800
		340206
		28831
		55329
		6095
		255480
		127540
		101926960
		653543
		158809
		26251
		81033
		252884
		100526794
		145873
		284252
		10136
		90668
		101927310
		57153
		2558
		246175
		755
		2786
		2977
		7545
		9526
		101927465
		1379
		142678
		283392
		253152
		23475
		127343
		29841
		3291
		55775
		2823
		146279
		3177
		26341
		23024
		285224
		22905
		9358
		91409
		100130449
		27324
		102546299
		6323
		219578
		814
		692247
		23239
		100288289
		56033
		1043
		100526761
		127602
		2928
		728695
		4016
		85360
		57628
		90102
		1444
		115004
		728410
		23129
		10320
		10098
		158798
		55466
		55344
		7903
		151242
		3043
		51806
		159296
		10911
		157503
		282775
		64757
		10003
GSE50911	459	23092
		80155
		729085
		1387
		122416
		4249
		9736
		9248
		23102
		54796
		23233
		6531
		23410
		10401
		388962
		1615
		9282
		9208
		5428
		5875
		56165
		127003
		79068
		51631
		80309
		10526
		117854
		2188
		5685
		162699
		3116
		9440
		27238
		6375
		84945
		390284
		347734
		79413
		11063
		27319
		7098
		6764
		4323
		55615
		57670
		84852
		23157
		1153
		50616
		260425
		8328
		63876
		116966
		130872
		51447
		79621
		9890
		154664
		23120
		63926
		57633
		117145
		5806
		220594
		91283
		55153
		2205
		392138
		4345
		11014
		8711
		9820
		127829
		342908
		50848
		3552
		80230
		22925
		10432
		6123
		64600
		27303
		10635
		3908
		89122
		55323
		85409
		221692
		130733
		79815
		187
		26207
		134145
		212
		93487
		9921
		643905
		961
		84166
		51542
		57048
		26092
		4923
		64446
		7157
		284443
		3809
		671
		3458
		142
		7416
		139422
		6892
		55061
		25831
		1508
		79175
		100128840
		682
		114026
		79645
		2944
		9923
		10389
		6175
		3587
		4255
		22943
		100128003
		55251
		60677
		1486
		3614
		23229
		84889
		165215
		6347
		3949
		10524
		2782
		5327
		23607
		148213
		100132658
		126364
		80755
		2972
		285097
		8704
		6240
		8082
		7702
		7057
		51088
		26493
		113791
		154197
		84808
		4548
		2893
		3091
		8892
		57727
		9653
		10938
		9595
		55525
		10004
		51371
		10528
		1787
		55507
		7417
		2121
		119687
		10269
		51321
		386618
		2779
		6915
		11000
		5573
		673
		4885
		100093630
		29781
		27035
		26509
		6144
		645000
		7015
		10023
		5243
		79897
		25865
		83943
		3747
		7629
		57148
		313
		83900
		140901
		145508
		10413
		84667
		54014
		6741
		100128236
		8178
		10942
		1586
		9390
		728154
		8547
		149420
		54848
		9580
		65979
		5042
		143425
		7442
		347689
		6582
		114796
		4191
		116039
		29079
		100129917
		440895
		153241
		55534
		958
		92211
		79776
		2123
		286828
		339965
		286319
		55729
		23190
		23349
		22894
		284207
		83786
		7040
		9669
		10333
		388121
		140691
		440321
		503538
		54663
		5099
		7161
		441631
		730092
		54896
		55876
		23285
		7311
		60528
		8908
		6137
		2324
		55888
		8208
		9807
		6775
		65977
		10150
		5350
		10507
		1025
		1015
		10990
		3580
		59271
		4430
		22879
		351
		10556
		284076
		6337
		386724
		165186
		254225
		79629
		84070
		197335
		3565
		51319
		85301
		79172
		81857
		283459
		79868
		144195
		127428
		100128588
		474338
		5230
		7494
		285605
		10197
		55811
		11216
		161145
		10107
		124936
		9537
		729046
		92345
		2012
		161
		26093
		7099
		6664
		54965
		4234
		399909
		64105
		51043
		1181
		26140
		23173
		7132
		54464
		64857
		30816
		4175
		144983
		148930
		26576
		130617
		51070
		8771
		220296
		90187
		348825
		10645
		27102
		2100
		7727
		23421
		27338
		2028
		5273
		342125
		1496
		23138
		22859
		6898
		221656
		10907
		2246
		147912
		8854
		9739
		4886
		5771
		818
		204851
		10622
		388965
		100131342
		10141
		23269
		440400
		84279
		441204
		84224
		57055
		9119
		292
		137964
		6557
		55007
		100131310
		55855
		1080
		100131165
		729595
		54882
		2057
		64072
		5315
		2175
		10425
		5879
		54768
		2355
		9866
		51377
		103
		7221
		4043
		902
		119559
		121665
		58484
		7421
		23608
		152663
		57645
		8573
		5430
		1497
		3189
		282974
		11093
		4763
		54890
		1432
		599
		56252
		54680
		3373
		283726
		92565
		7365
		7617
		79600
		10762
		135112
		22823
		10875
		23389
		286128
		55079
		9668
		55780
		172
		23370
		730091
		9271
		84925
		3381
		64764
		5817
		201232
		152137
		55009
		60343
		94101
		51132
		2747
		9064
		25788
		53616
		55127
		151648
		23017
		28977
		399851
		81492
		6387
		3150
		645884
		114785
GSE115406	454	100093698
		22924
		643733
		400128
		23037
		1364
		150372
		23113
		137196
		152831
		84747
		8646
		728805
		9154
		10960
		266917
		834
		154075
		400794
		4319
		10864
		7045
		148824
		101927761
		100289092
		154872
		389084
		25928
		1381
		170690
		10058
		94122
		126868
		410
		10225
		280658
		22891
		2118
		2330
		7180
		56253
		953
		100129583
		84675
		558
		3036
		56413
		219285
		3707
		8325
		4036
		100616500
		5554
		400581
		84878
		79132
		5787
		5340
		145957
		100616234
		253039
		9260
		2078
		1991
		388714
		338809
		8013
		138429
		101805491
		55370
		366
		28514
		4286
		205860
		7052
		91319
		134492
		388692
		80325
		285671
		5871
		157922
		55020
		28966
		2243
		1087
		146059
		286133
		594855
		4256
		257358
		150160
		3500
		100287366
		182
		116447
		477
		146771
		56099
		4301
		5795
		5288
		11329
		43849
		196475
		63027
		101928314
		54463
		55784
		9518
		3914
		340481
		135228
		250
		222008
		1843
		348645
		102724611
		10317
		100287877
		3812
		26074
		55366
		11272
		55350
		3963
		6518
		9576
		3976
		440465
		202500
		399669
		100852408
		439916
		8618
		8829
		338799
		26121
		56172
		9744
		100289255
		55806
		4609
		344454
		776
		343990
		205147
		11098
		55891
		5376
		29763
		284427
		128822
		653499
		1848
		29984
		654433
		9914
		5144
		25984
		2628
		11081
		3183
		100506047
		8001
		6251
		387707
		166012
		229
		83844
		54103
		51208
		10807
		55690
		55511
		11096
		151887
		84898
		266553
		100631383
		711
		100506681
		100129449
		158427
		400512
		100529240
		5270
		101930566
		167838
		115350
		10811
		100293704
		53832
		100216546
		100506119
		1493
		101927058
		140732
		283537
		102725383
		2103
		89886
		26257
		337970
		10580
		11211
		101927768
		151056
		100652911
		8651
		6711
		9332
		27300
		148103
		54741
		6310
		7754
		22798
		101927195
		129804
		3430
		2920
		647024
		400941
		57185
		28984
		3953
		4495
		51326
		408
		80152
		400710
		7010
		5669
		221472
		55539
		1768
		4112
		101927406
		101927338
		90634
		55243
		3811
		339976
		948
		100507098
		126969
		5950
		135932
		79750
		9381
		5947
		26524
		4329
		101927498
		51581
		933
		102466877
		50838
		3624
		3439
		8418
		28234
		145447
		3931
		2212
		7222
		3937
		10984
		65266
		6672
		752
		388531
		6863
		149465
		100506142
		84435
		56833
		9369
		64799
		5729
		10814
		140688
		27328
		2519
		8553
		374286
		58189
		2591
		5275
		152816
		2775
		100534599
		23081
		339896
		150596
		286077
		3216
		58499
		339751
		91574
		54742
		124912
		9942
		3507
		93649
		79899
		337876
		10850
		64240
		83259
		388946
		251
		4986
		1435
		6569
		6991
		3075
		65109
		3758
		5137
		140850
		100996246
		260429
		27445
		84002
		100533464
		55334
		2357
		4773
		118424
		647589
		283197
		9175
		1452
		101928076
		960
		79785
		22802
		100293211
		8987
		7401
		283692
		89801
		29993
		140687
		101928767
		492
		101928276
		7789
		3578
		155465
		5054
		1979
		9356
		114825
		100528030
		94241
		1392
		79891
		9532
		1780
		11010
		1286
		254158
		100506084
		101929552
		2638
		160851
		7348
		100507254
		11095
		101927396
		1839
		84883
		26219
		5396
		100506319
		1571
		101928710
		89876
		56112
		2887
		54758
		8703
		160762
		101927794
		348751
		50856
		7103
		124565
		389634
		91828
		163486
		3778
		124925
		196951
		124220
		196264
		955
		102800447
		190
		79983
		9830
		2703
		118490
		374470
		57496
		3576
		8714
		55057
		10446
		127733
		345
		283080
		28983
		164284
		3495
		5141
		100507477
		23286
		2691
		6758
		2248
		58531
		10214
		6751
		100507398
		133558
		81793
		1794
		10148
		158586
		8693
		51454
		134548
		1262
		401237
		102723542
		4308
		101928457
		80005
		101927059
		1544
		199990
		126248
		56245
		7399
		285708
		5583
		84561
		8823
		53831
		64714
